2746 2746 1
4012 4012 1
6039 6039 1
2649 2649 1
2700 2700 1
3860 3860 1
3593 3593 1
3443 3443 1
3521 3521 1
3298 3298 1
3071 3071 1
5337 5337 1
4730 4730 1
3297 3297 1
3717 3717 1
4480 4480 1
3349 3350 0
3111 3111 1
5784 5784 1
3440 3440 1
3507 3507 1
3588 3588 1
3211 3211 1
2857 2857 1
2524 2524 1
 
===
3500 3500 1
2836 2836 1
3722 3722 1
5308 5308 1
4486 4486 1
3927 3927 1
2695 2697 0
3862 3862 1
3465 3465 1
3656 3656 1
3144 3144 1
3032 3033 0
3955 3955 1
3298 3298 1
4166 4166 1
3525 3525 1
3691 3693 0
3552 3552 1
3082 3083 0
3889 3890 0
3591 3591 1
3581 3581 1
3823 3823 1
5549 5549 1
4287 4287 1
 
===
4130 4130 1
3968 3968 1
3643 3643 1
5399 5399 1
3395 3395 1
3808 3809 0
3353 3353 1
3868 3868 1
6007 6007 1
4146 4146 1
4432 4432 1
4574 4574 1
4413 4413 1
4026 4026 1
3746 3746 1
4550 4550 1
4550 4550 1
4806 4806 1
5969 5969 1
4719 4719 1
3295 3295 1
4509 4509 1
4144 4144 1
4170 4170 1
4725 4725 1
 
===
6537 6537 1
6701 6701 1
5257 5257 1
5025 5025 1
4567 4567 1
5210 5210 1
5027 5027 1
4672 4672 1
3802 3802 1
5360 5360 1
5589 5589 1
3414 3414 1
4825 4825 1
5130 5130 1
6963 6963 1
5197 5197 1
5755 5755 1
4032 4032 1
3869 3869 1
5039 5039 1
4592 4592 1
4061 4061 1
4789 4789 1
7445 7445 1
4074 4074 1
 
===
