2716 2716 1
3934 3934 1
6060 6060 1
2653 2653 1
2702 2702 1
3855 3855 1
3620 3620 1
3160 3160 1
3579 3579 1
3310 3310 1
3717 3717 1
5289 5289 1
4726 4726 1
3318 3318 1
3731 3731 1
4486 4486 1
3367 3367 1
3104 3104 1
5786 5786 1
3446 3446 1
3503 3503 1
3601 3601 1
3196 3196 1
2860 2860 1
2529 2529 1
 
3465 3465 1
2803 2803 1
3292 3292 1
5309 5309 1
4465 4468 0
3897 3897 1
2694 2694 1
3852 3852 1
3433 3433 1
3667 3667 1
3136 3136 1
3038 3038 1
3900 3901 0
3250 3252 0
4146 4146 1
3508 3508 1
3680 3680 1
3532 3532 1
3032 3032 1
3801 3801 1
3551 3551 1
3552 3552 1
3781 3781 1
5497 5499 0
4250 4250 1
 
3958 3958 1
3326 3326 1
3344 3344 1
2739 2739 1
3697 3697 1
5212 5212 1
3793 3793 1
3391 3391 1
3734 3734 1
4676 4676 1
3009 3009 1
3105 3105 1
4551 4551 1
5207 5209 0
5319 5320 0
4171 4178 0
3586 3586 1
5700 5700 1
3961 3961 1
3936 3936 1
4110 4110 1
3858 3859 0
4629 4630 0
4459 4459 1
3445 3445 1
 
4340 4360 0
3839 3839 1
3538 3538 1
3411 3411 1
4815 4815 1
4515 4520 0
5851 5853 0
4755 4755 1
2990 2990 1
4096 4101 0
4693 4693 1
4263 4265 0
3805 3805 1
4602 4602 1
3439 3439 1
3839 3839 1
4340 4348 0
4921 4923 0
5211 5211 1
4176 4176 1
5702 5702 1
4136 4138 0
4103 4103 1
4767 4767 1
5119 5130 0
 
4072 4076 0
3908 3909 0
3547 3548 0
5359 5360 0
3325 3329 0
3695 3705 0
3285 3286 0
3807 3807 1
5936 5941 0
4102 4102 1
4388 4389 0
4492 4493 0
4365 4367 0
3939 3943 0
3682 3682 1
4503 4503 1
4475 4477 0
4735 4735 1
5894 5895 0
4630 4633 0
3270 3270 1
4459 4463 0
4096 4100 0
3996 3996 1
4674 4674 1
 
996 6287 0
1146 6022 0
789 4709 0
834 4864 0
1280 5822 0
851 5808 0
1277 5789 0
1078 4704 0
773 3817 0
1195 5978 0
1055 5546 0
759 3382 0
957 4798 0
1032 5003 0
1073 6914 0
895 5223 0
1018 5748 0
831 4036 0
894 3875 0
1099 5007 0
982 4593 0
946 4573 0
1065 4777 0
1083 7463 0
601 4069 0
 
318 3728 0
347 4409 0
278 3841 0
174 3514 0
382 4939 0
265 4126 0
276 3155 0
341 3930 0
361 5156 0
353 3752 0
470 5043 0
335 4963 0
339 4724 0
287 4161 0
302 4019 0
323 3895 0
330 3903 0
225 3360 0
342 4131 0
274 3499 0
272 3890 0
390 4595 0
403 3889 0
282 4093 0
290 4551 0
 
===
