869 869 1
937 937 1
1113 1113 1
814 814 1
1211 1211 1
650 650 1
1839 1839 1
775 775 1
1686 1686 1
960 960 1
983 983 1
985 985 1
1808 1808 1
1578 1578 1
677 677 1
851 851 1
983 983 1
650 650 1
1054 1054 1
846 846 1
1035 1035 1
1071 1071 1
1073 1073 1
828 828 1
563 563 1
 
4181 4181 1
4201 4201 1
3404 3404 1
4265 4265 1
4122 4122 1
2560 2560 1
3263 3263 1
3625 3625 1
5992 5992 1
2496 2496 1
2776 2776 1
3411 3411 1
2992 2992 1
4787 4787 1
2309 2309 1
2288 2288 1
3584 3584 1
3765 3765 1
4906 4906 1
3723 3723 1
2992 2992 1
3049 3049 1
2586 2586 1
2556 2556 1
5300 5300 1
 
4568 4568 1
5177 5177 1
4143 4143 1
7225 7225 1
4893 4893 1
4276 4276 1
5949 5949 1
5942 5942 1
4755 4755 1
4215 4215 1
3723 3723 1
4311 4311 1
6605 6605 1
5684 5684 1
5271 5271 1
5457 5457 1
4972 4972 1
5159 5159 1
6326 6326 1
5212 5212 1
3988 3988 1
6059 6059 1
4992 4992 1
4619 4619 1
5076 5076 1
 
6713 6713 1
6183 6183 1
7165 7165 1
6269 6269 1
7488 7488 1
8312 8312 1
6758 6758 1
10496 10496 1
9945 9945 1
9678 9678 1
6782 6782 1
6334 6334 1
6739 6739 1
7299 7299 1
4670 4670 1
7023 7023 1
9192 9192 1
6737 6737 1
7646 7646 1
8197 8197 1
8144 8144 1
8540 8540 1
9549 9549 1
5626 5626 1
7793 7793 1
 
9921 9921 1
8587 8587 1
8341 8341 1
10199 10199 1
9005 9005 1
8259 8259 1
7679 7679 1
9926 9926 1
8142 8142 1
11156 11156 1
11857 11857 1
9769 9769 1
13055 13055 1
12326 12326 1
10649 10649 1
9963 9963 1
9561 9561 1
9515 9515 1
10838 10838 1
10725 10725 1
8781 8781 1
8818 8818 1
8712 8712 1
8545 8545 1
9078 9078 1
 
12523 12523 1
18252 18252 1
12676 12676 1
12450 12450 1
11210 11210 1
13690 13690 1
10437 10437 1
14707 14707 1
10279 10279 1
10925 10925 1
15204 15204 1
15157 15157 1
10278 10278 1
12970 12970 1
10973 10973 1
12444 12444 1
10991 10991 1
10887 10887 1
11877 11877 1
9250 9250 1
13285 13285 1
9660 9660 1
12725 12725 1
10324 10324 1
11549 11549 1
 
13746 13746 1
14041 14041 1
14345 14345 1
14332 14332 1
13693 13693 1
12314 12314 1
13445 13445 1
13468 13468 1
11611 11611 1
14162 14162 1
17726 17726 1
10117 10117 1
15093 15093 1
17266 17266 1
14513 14513 1
27583 27583 1
14190 14190 1
15088 15088 1
11108 11108 1
15810 15810 1
13482 13482 1
15035 15035 1
12370 12370 1
15717 15717 1
12289 12289 1
 
16184 16184 1
20044 20044 1
17535 17535 1
14833 14833 1
17852 17852 1
15505 15505 1
13958 13958 1
16774 16774 1
16336 16336 1
15664 15664 1
18150 18150 1
17324 17324 1
16664 16664 1
14327 14327 1
12303 12303 1
13673 13673 1
15524 15524 1
15847 15847 1
15240 15240 1
12781 12781 1
17769 17769 1
13674 13674 1
18305 18305 1
14401 14401 1
12704 12704 1
 
24612 24612 1
18071 18071 1
17882 17882 1
14757 14757 1
17628 17628 1
15204 15204 1
31907 31907 1
17589 17589 1
16999 16999 1
23403 23403 1
17513 17513 1
22000 22000 1
18655 18655 1
20550 20550 1
18220 18220 1
24125 24125 1
18303 18303 1
17141 17141 1
19113 19113 1
21602 21602 1
17336 17336 1
18527 18527 1
18798 18798 1
19031 19031 1
18235 18235 1
 
18907 18907 1
20686 20686 1
17172 17172 1
20494 20494 1
16151 16151 1
22618 22618 1
19287 19287 1
19863 19863 1
20892 20892 1
19621 19621 1
21286 21286 1
22269 22269 1
23361 23361 1
21250 21250 1
39793 39793 1
23409 23409 1
19382 19382 1
19108 19108 1
22002 22002 1
24268 24268 1
19920 19920 1
25082 25082 1
23507 23507 1
18068 18068 1
19871 19871 1
 
22228 22228 1
22434 22434 1
20524 20524 1
21789 21789 1
27084 27084 1
19915 19915 1
20762 20762 1
25946 25946 1
24172 24172 1
22395 22395 1
21323 21323 1
20313 20313 1
23725 23725 1
25281 25281 1
20958 20958 1
21726 21726 1
21259 21259 1
26534 26534 1
18042 18042 1
38940 38940 1
26418 26418 1
31145 31145 1
23775 23775 1
22786 22787 0
25906 25906 1
 
4614 20291 0
4749 22530 0
4755 22693 0
4243 21565 0
4426 27891 0
4772 25894 0
4562 25624 0
4744 26204 0
4186 22783 0
4879 28506 0
4234 20263 0
4803 24393 0
4247 22749 0
5182 25841 0
4242 22475 0
4583 20906 0
4664 20104 0
4352 21562 0
4810 21501 0
4692 27418 0
4148 24672 0
6956 33575 0
5095 25257 0
5644 28303 0
5830 31043 0
 
1905 20841 0
1615 19296 0
2055 20191 0
2189 21492 0
1858 21326 0
1874 19213 0
1582 19015 0
1797 19642 0
1892 19891 0
1633 17956 0
1960 21849 0
1742 20805 0
1634 19265 0
1975 20193 0
2062 20183 0
1911 21287 0
1632 19459 0
1889 19886 0
1721 20164 0
1755 19186 0
1571 19178 0
1965 22149 0
1810 20071 0
3073 30577 0
2069 23194 0
 
===
