273 273 1
457 457 1
109 109 1
503 503 1
387 387 1
122 122 1
161 161 1
207 207 1
123 123 1
123 123 1
136 136 1
373 373 1
188 188 1
452 452 1
669 669 1
336 336 1
306 306 1
112 112 1
220 220 1
184 184 1
772 772 1
278 278 1
912 912 1
360 360 1
635 635 1
 
935 935 1
420 420 1
581 581 1
509 509 1
611 611 1
408 408 1
1309 1309 1
719 719 1
546 546 1
559 559 1
469 469 1
640 640 1
882 882 1
515 515 1
381 381 1
289 289 1
534 534 1
622 622 1
1279 1279 1
401 401 1
386 386 1
1192 1192 1
291 291 1
761 761 1
1630 1630 1
 
690 690 1
2548 2548 1
1121 1121 1
774 774 1
987 987 1
515 515 1
1839 1839 1
1009 1009 1
1884 1884 1
1307 1307 1
2448 2448 1
1086 1086 1
2059 2059 1
878 878 1
1988 1988 1
1331 1331 1
1482 1482 1
1010 1010 1
719 719 1
866 866 1
1268 1268 1
794 794 1
1109 1109 1
1014 1014 1
1856 1856 1
 
755 755 1
1271 1271 1
2003 2003 1
1756 1756 1
1243 1243 1
1520 1520 1
1981 1981 1
2118 2118 1
1110 1110 1
2008 2008 1
2687 2687 1
837 837 1
1559 1559 1
1760 1760 1
1113 1113 1
3078 3078 1
2123 2123 1
1463 1463 1
2016 2016 1
2077 2077 1
2626 2626 1
1830 1830 1
1142 1142 1
1454 1454 1
1871 1871 1
 
1370 1370 1
1764 1764 1
1337 1337 1
2602 2602 1
2273 2273 1
1881 1881 1
1574 1574 1
1310 1310 1
1907 1907 1
2681 2681 1
1683 1683 1
2322 2322 1
1703 1703 1
1407 1407 1
1406 1406 1
2252 2252 1
1644 1644 1
2499 2499 1
1905 1905 1
2069 2069 1
1896 1896 1
2871 2871 1
1365 1365 1
2238 2238 1
3124 3124 1
 
3029 3029 1
1394 1394 1
3875 3875 1
3666 3666 1
1614 1614 1
2268 2268 1
2287 2287 1
2374 2374 1
2544 2544 1
2390 2390 1
1699 1699 1
1928 1928 1
2565 2565 1
2629 2629 1
2341 2341 1
1812 1812 1
2127 2127 1
1823 1823 1
1969 1969 1
1179 1179 1
1738 1738 1
1717 1717 1
2201 2201 1
1939 1939 1
2153 2153 1
 
2808 2808 1
1464 1464 1
3283 3283 1
2693 2693 1
2704 2704 1
2233 2233 1
2219 2219 1
2132 2132 1
2994 2994 1
3199 3199 1
2790 2790 1
2427 2427 1
2756 2756 1
3131 3131 1
2136 2136 1
2366 2366 1
1883 1883 1
2644 2644 1
1464 1464 1
2523 2523 1
2589 2589 1
2363 2363 1
2887 2887 1
2993 2993 1
1830 1830 1
 
2733 2733 1
3057 3057 1
5432 5432 1
1875 1875 1
2996 2996 1
3329 3329 1
3785 3785 1
4702 4702 1
2666 2666 1
4009 4009 1
3261 3261 1
2574 2574 1
2694 2694 1
3751 3751 1
3611 3611 1
2643 2643 1
3400 3400 1
2706 2706 1
2758 2759 0
4109 4109 1
2813 2813 1
4008 4008 1
2991 2991 1
2937 2937 1
3078 3078 1
 
2680 2680 1
3894 3894 1
5964 5964 1
2627 2627 1
2667 2667 1
3819 3820 0
3557 3557 1
3120 3120 1
3485 3485 1
3265 3265 1
3016 3016 1
5228 5228 1
4677 4677 1
3279 3279 1
3670 3670 1
4445 4445 1
3316 3316 1
3073 3073 1
5735 5735 1
3413 3413 1
3473 3473 1
3551 3551 1
3170 3170 1
2833 2833 1
2499 2499 1
 
3958 3958 1
3327 3327 1
3346 3346 1
2742 2742 1
4296 4296 1
6113 6113 1
4136 4137 0
3457 3457 1
3827 3827 1
4787 4787 1
3069 3069 1
3131 3131 1
4633 4633 1
5254 5255 0
5397 5399 0
4230 4238 0
3629 3629 1
5763 5763 1
4020 4020 1
3978 3978 1
4147 4147 1
3879 3880 0
4683 4683 1
4500 4501 0
3474 3474 1
 
4114 4118 0
3966 3971 0
3913 3915 0
5423 5425 0
3350 3357 0
3719 3734 0
3312 3316 0
3859 3863 0
6004 6013 0
4148 4148 1
4448 4451 0
4540 4546 0
4416 4427 0
3990 3994 0
3740 3741 0
4546 4548 0
4543 4548 0
4783 4783 1
5895 5902 0
4630 4636 0
3264 3265 0
4466 4466 1
4090 4103 0
4009 4013 0
4668 4669 0
 
817 6299 0
997 6035 0
677 4715 0
737 4874 0
744 4463 0
681 5144 0
937 4956 0
889 4570 0
633 3753 0
780 5326 0
844 5483 0
651 3354 0
752 4748 0
755 4965 0
888 6833 0
690 5155 0
848 5685 0
627 3994 0
763 3837 0
923 4967 0
895 4552 0
726 4027 0
824 4733 0
815 7401 0
545 4028 0
 
308 3634 0
334 4252 0
237 3756 0
160 3462 0
352 4682 0
354 4937 0
255 3060 0
304 3834 0
310 4891 0
321 3600 0
411 4863 0
319 4737 0
333 4556 0
259 4030 0
275 3878 0
314 3844 0
325 3872 0
205 3310 0
315 3981 0
260 3461 0
241 3840 0
365 4402 0
362 3805 0
288 4037 0
267 4493 0
 
===
