2727 2727 1
3944 3944 1
6064 6064 1
2658 2658 1
2693 2693 1
3861 3864 0
3593 3593 1
3177 3177 1
3819 3819 1
3304 3304 1
3070 3070 1
5288 5288 1
4732 4733 0
3314 3314 1
3716 3716 1
4479 4480 0
3353 3353 1
3099 3099 1
5790 5790 1
4208 4208 1
3520 3520 1
3592 3592 1
3193 3193 1
2850 2850 1
2519 2519 1
 
3448 3448 1
2797 2797 1
3289 3289 1
5306 5306 1
4463 4467 0
3901 3901 1
2676 2676 1
3860 3860 1
3442 3442 1
3649 3649 1
3234 3234 1
3031 3031 1
3913 3914 0
3240 3245 0
4138 4138 1
3507 3507 1
3674 3674 1
3532 3532 1
3033 3033 1
3801 3801 1
3556 3556 1
3549 3549 1
3781 3781 1
5500 5506 0
4249 4249 1
 
3956 3956 1
3326 3326 1
3349 3350 0
2739 2739 1
3697 3697 1
5217 5217 1
3794 3794 1
3387 3387 1
3739 3739 1
4682 4682 1
3008 3009 0
3106 3106 1
4555 4555 1
5210 5213 0
5318 5322 0
4172 4182 0
3588 3588 1
5705 5705 1
3969 3969 1
3934 3934 1
4109 4109 1
3855 3855 1
4629 4630 0
4456 4456 1
3443 3443 1
 
4341 4364 0
3840 3840 1
3537 3537 1
3409 3409 1
4815 4815 1
4512 4520 0
5853 5857 0
4754 4754 1
2990 2990 1
4091 4103 0
4688 4693 0
4247 4259 0
3807 3807 1
4601 4601 1
3435 3435 1
3842 3842 1
4338 4352 0
4916 4920 0
5217 5217 1
4176 4176 1
5700 5701 0
4137 4139 0
4099 4099 1
4769 4773 0
5109 5125 0
 
4069 4072 0
3909 3912 0
3541 3545 0
5355 5363 0
3323 3328 0
3686 3699 0
3287 3290 0
3808 3810 0
5927 5947 0
4103 4103 1
4386 4388 0
4487 4493 0
4358 4366 0
3938 3948 0
3681 3682 0
4497 4500 0
4470 4476 0
4728 4728 1
5896 5905 0
4628 4638 0
3266 3267 0
4462 4464 0
4094 4102 0
3994 3997 0
4668 4670 0
 
978 6293 0
981 6019 0
723 4707 0
756 4864 0
971 5400 0
821 5832 0
1068 5794 0
891 4706 0
658 3835 0
871 5415 0
1010 5565 0
696 3392 0
761 4809 0
804 5023 0
869 6913 0
772 5208 0
860 5747 0
694 4286 0
769 3900 0
1050 5012 0
907 4588 0
752 4075 0
879 4796 0
1169 7478 0
602 4067 0
 
326 3732 0
336 4320 0
260 3805 0
188 3510 0
351 4866 0
276 4110 0
242 3111 0
314 3900 0
318 5015 0
348 3720 0
405 4974 0
339 4916 0
294 4664 0
264 4079 0
288 3948 0
302 3872 0
316 3893 0
211 3353 0
326 4037 0
266 3483 0
257 3872 0
371 4513 0
386 3830 0
273 4051 0
296 4506 0
 
===
