273 273 1
457 457 1
109 109 1
503 503 1
387 387 1
122 122 1
161 161 1
207 207 1
123 123 1
123 123 1
136 136 1
373 373 1
188 188 1
451 451 1
669 669 1
336 336 1
306 306 1
112 112 1
220 220 1
184 184 1
772 772 1
278 278 1
912 912 1
360 360 1
634 634 1
 
939 939 1
420 420 1
579 579 1
508 508 1
610 610 1
409 409 1
1310 1310 1
721 721 1
546 546 1
559 559 1
471 471 1
638 638 1
886 886 1
515 515 1
380 380 1
288 288 1
535 535 1
620 620 1
1279 1279 1
401 401 1
386 386 1
1200 1200 1
291 291 1
761 761 1
1625 1625 1
 
690 690 1
2544 2544 1
1124 1124 1
769 769 1
981 981 1
520 520 1
1829 1829 1
1012 1012 1
1881 1881 1
1311 1311 1
2444 2444 1
1084 1084 1
2060 2060 1
1097 1097 1
1987 1987 1
1161 1161 1
1481 1481 1
1006 1006 1
721 721 1
867 867 1
1271 1271 1
796 796 1
1105 1105 1
1017 1017 1
1855 1855 1
 
757 757 1
1272 1272 1
2003 2003 1
1753 1753 1
1244 1244 1
1519 1519 1
1983 1983 1
2120 2120 1
1116 1116 1
2013 2013 1
2685 2685 1
840 840 1
1556 1556 1
1756 1756 1
1113 1113 1
3137 3137 1
2592 2592 1
1463 1463 1
2022 2022 1
1961 1961 1
2628 2628 1
1830 1830 1
1144 1144 1
1560 1560 1
1869 1869 1
 
1365 1365 1
1764 1764 1
1337 1337 1
2605 2605 1
2269 2269 1
1880 1880 1
1573 1573 1
1310 1310 1
1905 1905 1
2684 2684 1
1710 1710 1
2322 2322 1
1702 1702 1
1409 1409 1
1404 1404 1
2249 2249 1
1646 1646 1
2500 2500 1
1910 1910 1
2073 2073 1
1895 1895 1
2870 2870 1
1367 1367 1
2235 2235 1
3125 3125 1
 
3030 3030 1
1395 1395 1
3877 3877 1
3659 3659 1
1612 1612 1
2262 2262 1
2289 2289 1
2374 2374 1
2540 2540 1
2392 2392 1
1697 1697 1
1930 1930 1
2563 2563 1
2635 2635 1
2339 2339 1
1814 1814 1
2128 2128 1
1820 1820 1
1968 1968 1
1179 1179 1
1736 1736 1
1717 1717 1
2199 2199 1
1940 1940 1
2151 2151 1
 
2805 2805 1
1466 1466 1
3282 3282 1
2689 2689 1
2705 2705 1
2232 2232 1
2218 2218 1
2133 2133 1
2990 2990 1
3198 3198 1
2791 2791 1
2423 2423 1
2756 2756 1
3127 3127 1
2135 2135 1
2364 2364 1
1885 1885 1
2648 2648 1
1464 1464 1
2517 2517 1
2588 2588 1
2363 2363 1
2888 2888 1
2996 2996 1
1829 1829 1
 
2728 2728 1
3057 3057 1
5435 5435 1
1874 1874 1
2992 2992 1
3328 3328 1
3780 3780 1
4703 4703 1
2664 2664 1
4010 4010 1
3260 3260 1
2567 2567 1
2692 2692 1
3752 3752 1
3611 3611 1
2643 2643 1
3399 3399 1
2703 2703 1
2763 2763 1
4110 4110 1
2811 2811 1
4009 4009 1
2994 2994 1
2941 2941 1
3079 3079 1
 
2685 2685 1
3894 3894 1
5971 5971 1
2626 2626 1
2666 2666 1
3815 3818 0
3561 3561 1
3121 3121 1
3481 3481 1
3262 3262 1
3020 3020 1
5233 5233 1
4680 4680 1
3278 3278 1
3669 3669 1
4442 4442 1
3317 3317 1
3075 3075 1
5727 5727 1
3411 3411 1
3469 3469 1
3551 3551 1
3172 3172 1
2832 2832 1
2503 2503 1
 
3951 3951 1
3327 3327 1
3344 3344 1
3524 3524 1
4202 4202 1
6873 6873 1
3840 3841 0
3441 3441 1
3816 3816 1
4771 4771 1
3053 3053 1
3132 3132 1
4614 4614 1
5258 5260 0
5409 5410 0
4234 4239 0
3644 3644 1
5743 5743 1
4018 4018 1
3985 3985 1
4162 4162 1
3894 3894 1
4688 4689 0
4520 4520 1
3472 3472 1
 
4103 4106 0
3965 3965 1
3589 3591 0
5419 5421 0
3350 3361 0
3736 3747 0
3320 3320 1
3865 3868 0
6024 6034 0
4456 4456 1
4426 4428 0
4540 4543 0
4416 4417 0
3989 3992 0
3741 3743 0
4560 4562 0
4527 4531 0
4739 4739 1
5906 5907 0
4641 4644 0
3267 3267 1
4462 4462 1
4103 4110 0
3994 3998 0
4676 4677 0
 
746 6312 0
1005 6028 0
596 4709 0
700 4872 0
775 4456 0
694 5148 0
814 4953 0
957 4565 0
670 3759 0
841 5329 0
852 5494 0
618 3353 0
718 4746 0
787 4966 0
887 6838 0
764 5163 0
903 5689 0
668 3991 0
771 3834 0
894 4959 0
786 4547 0
702 4024 0
835 4732 0
911 7395 0
563 4027 0
 
295 3650 0
342 4218 0
264 3749 0
176 3469 0
366 4726 0
266 4020 0
237 3069 0
304 3833 0
358 4953 0
351 3646 0
428 4847 0
334 4789 0
280 4569 0
265 4041 0
278 3866 0
302 3825 0
309 3877 0
217 3326 0
335 3996 0
286 3461 0
270 3858 0
379 4480 0
384 3832 0
283 4035 0
313 4491 0
 
===
