273 273 1
457 457 1
109 109 1
503 503 1
387 387 1
122 122 1
161 161 1
207 207 1
123 123 1
123 123 1
136 136 1
373 373 1
188 188 1
452 452 1
669 669 1
336 336 1
306 306 1
112 112 1
220 220 1
184 184 1
772 772 1
278 278 1
912 912 1
360 360 1
634 634 1
 
537 537 1
349 349 1
248 248 1
382 382 1
733 733 1
1177 1177 1
499 499 1
264 264 1
285 285 1
226 226 1
458 458 1
227 227 1
1448 1448 1
618 618 1
1256 1256 1
411 411 1
560 560 1
645 645 1
1365 1365 1
272 272 1
211 211 1
445 445 1
291 291 1
756 756 1
350 350 1
 
938 938 1
420 420 1
577 577 1
511 511 1
612 612 1
409 409 1
1308 1308 1
722 722 1
547 547 1
560 560 1
470 470 1
641 641 1
882 882 1
514 514 1
380 380 1
288 288 1
534 534 1
623 623 1
1281 1281 1
401 401 1
388 388 1
1192 1192 1
291 291 1
760 760 1
1626 1626 1
 
1371 1371 1
562 562 1
530 530 1
569 569 1
625 625 1
1657 1657 1
1307 1307 1
706 706 1
885 885 1
652 652 1
971 971 1
1750 1750 1
608 608 1
1422 1422 1
452 452 1
820 820 1
419 419 1
618 618 1
802 802 1
1220 1220 1
817 817 1
1059 1059 1
959 959 1
1711 1711 1
852 852 1
 
690 690 1
2550 2550 1
1119 1119 1
769 769 1
983 983 1
517 517 1
1829 1829 1
1011 1011 1
1887 1887 1
1309 1309 1
2445 2445 1
1086 1086 1
2053 2053 1
875 875 1
1980 1980 1
1160 1160 1
1476 1476 1
1004 1004 1
716 716 1
864 864 1
1262 1262 1
791 791 1
1101 1101 1
1010 1010 1
1851 1851 1
 
1140 1140 1
1680 1680 1
1216 1216 1
559 559 1
1579 1579 1
2087 2087 1
1126 1126 1
1660 1660 1
1257 1257 1
1814 1814 1
1264 1264 1
840 840 1
962 962 1
2246 2246 1
1427 1427 1
892 892 1
1323 1323 1
623 623 1
1309 1309 1
1287 1287 1
907 907 1
1259 1259 1
1121 1121 1
1368 1368 1
1445 1445 1
 
756 756 1
1267 1267 1
1997 1997 1
1746 1746 1
1237 1237 1
1515 1515 1
1975 1975 1
2108 2108 1
1109 1109 1
2005 2005 1
2680 2680 1
833 833 1
1553 1553 1
1751 1751 1
1109 1109 1
3055 3055 1
2122 2122 1
1458 1458 1
2011 2011 1
1953 1953 1
2621 2621 1
1823 1823 1
1137 1137 1
1450 1450 1
1864 1864 1
 
1398 1398 1
2345 2345 1
3317 3317 1
1832 1832 1
1516 1516 1
2245 2245 1
2218 2218 1
1806 1806 1
893 893 1
1679 1679 1
1238 1238 1
3047 3047 1
2158 2158 1
2181 2181 1
1690 1690 1
2085 2085 1
2520 2520 1
1265 1265 1
2307 2307 1
1002 1002 1
1568 1568 1
2458 2458 1
1172 1172 1
1496 1496 1
1767 1767 1
 
1365 1365 1
1764 1764 1
1338 1338 1
2606 2606 1
2265 2265 1
1879 1879 1
1574 1574 1
1312 1312 1
1907 1907 1
2681 2681 1
1683 1683 1
2322 2322 1
1703 1703 1
1407 1407 1
1405 1405 1
2250 2250 1
1644 1644 1
2501 2501 1
1905 1905 1
2068 2068 1
1896 1896 1
2864 2864 1
1365 1365 1
2236 2236 1
3125 3125 1
 
1899 1899 1
2050 2050 1
2634 2634 1
2366 2366 1
2842 2842 1
1729 1729 1
2223 2223 1
2525 2525 1
3149 3149 1
2667 2667 1
1898 1898 1
2753 2753 1
3586 3586 1
2586 2586 1
2547 2547 1
2687 2687 1
2027 2027 1
2776 2776 1
3453 3453 1
2285 2285 1
1753 1753 1
1640 1640 1
1843 1843 1
2367 2367 1
2233 2233 1
 
3026 3026 1
1393 1393 1
3876 3876 1
3656 3656 1
1612 1612 1
2264 2264 1
2289 2289 1
2370 2370 1
2541 2541 1
2394 2394 1
1697 1697 1
1928 1928 1
2567 2567 1
2630 2630 1
2338 2338 1
1810 1810 1
2128 2128 1
1819 1819 1
1967 1967 1
1177 1177 1
1738 1738 1
1716 1716 1
2200 2200 1
1937 1937 1
2150 2150 1
 
1767 1767 1
5074 5074 1
3053 3053 1
2018 2018 1
3257 3257 1
2202 2202 1
4486 4486 1
3045 3045 1
4008 4008 1
2112 2112 1
1704 1704 1
2474 2474 1
2551 2551 1
2458 2458 1
2278 2278 1
4882 4882 1
3368 3368 1
2300 2300 1
3674 3674 1
3534 3534 1
2208 2208 1
1786 1786 1
1639 1639 1
1495 1495 1
1877 1877 1
 
2834 2834 1
1478 1478 1
3315 3315 1
2717 2717 1
2717 2717 1
2257 2257 1
2234 2234 1
2147 2147 1
3014 3014 1
3219 3219 1
2808 2808 1
2442 2442 1
2778 2778 1
3149 3149 1
2171 2171 1
2389 2389 1
1898 1898 1
2854 2854 1
1468 1468 1
2535 2535 1
2596 2596 1
2387 2387 1
2915 2915 1
3021 3021 1
1842 1842 1
 
2681 2681 1
2674 2674 1
2700 2700 1
2360 2360 1
3137 3137 1
2730 2730 1
3728 3728 1
3462 3462 1
2949 2949 1
3682 3682 1
3227 3227 1
4438 4438 1
2574 2574 1
3706 3706 1
2607 2607 1
3770 3770 1
1952 1952 1
2642 2642 1
3517 3517 1
2396 2396 1
2594 2594 1
2920 2920 1
3729 3729 1
3134 3134 1
2494 2494 1
 
2736 2736 1
3057 3057 1
5447 5447 1
1875 1875 1
2995 2995 1
3326 3326 1
3783 3783 1
4706 4706 1
2662 2662 1
4011 4011 1
3264 3264 1
2570 2570 1
2694 2694 1
3751 3751 1
3617 3617 1
2644 2644 1
3399 3399 1
2704 2704 1
2762 2763 0
4114 4114 1
2811 2811 1
4008 4008 1
2993 2993 1
2937 2937 1
3076 3076 1
 
3709 3709 1
2915 2915 1
3392 3392 1
3452 3452 1
1857 1857 1
2736 2736 1
2846 2846 1
3084 3084 1
5176 5176 1
4385 4385 1
3908 3908 1
4064 4064 1
3631 3631 1
3687 3687 1
2868 2868 1
3784 3784 1
3938 3938 1
4225 4225 1
2680 2680 1
3757 3757 1
3849 3849 1
3804 3804 1
2119 2119 1
2991 2991 1
4958 4958 1
 
2683 2683 1
3893 3893 1
5969 5969 1
2627 2627 1
2667 2667 1
3810 3810 1
3564 3564 1
3125 3125 1
3489 3489 1
3259 3259 1
3016 3016 1
5226 5226 1
4675 4675 1
3277 3277 1
3672 3672 1
4439 4439 1
3321 3321 1
3073 3073 1
5723 5723 1
3414 3414 1
3474 3474 1
3549 3549 1
3170 3170 1
2830 2830 1
2501 2501 1
 
3409 3409 1
2766 2766 1
3258 3258 1
5246 5246 1
4428 4431 0
3860 3860 1
2665 2665 1
3823 3823 1
3400 3400 1
3614 3614 1
3101 3101 1
3004 3004 1
3900 3901 0
3248 3251 0
4136 4137 0
3505 3505 1
3673 3673 1
3529 3529 1
3030 3030 1
3801 3801 1
3549 3549 1
3548 3548 1
3776 3776 1
5488 5491 0
4250 4250 1
 
3953 3953 1
3784 3784 1
4210 4212 0
3151 3151 1
3785 3785 1
5339 5340 0
3828 3830 0
3444 3444 1
3818 3818 1
4800 4800 1
3059 3059 1
3148 3148 1
4595 4595 1
5276 5278 0
5384 5385 0
4218 4226 0
3619 3619 1
5751 5752 0
4006 4006 1
3989 3989 1
4144 4144 1
3898 3898 1
4682 4683 0
4521 4521 1
3473 3473 1
 
4385 4398 0
3897 3897 1
3586 3586 1
3432 3432 1
4878 4878 1
4567 4577 0
5925 5928 0
4802 4802 1
3021 3021 1
4136 4149 0
4737 4740 0
4298 4308 0
3844 3844 1
4640 4640 1
3468 3468 1
3869 3870 0
4341 4353 0
4930 4932 0
5218 5218 1
4179 4179 1
5706 5706 1
4137 4140 0
4098 4099 0
4770 4773 0
5115 5134 0
 
4069 4074 0
3908 3911 0
3543 3545 0
5352 5358 0
3308 3326 0
3688 3700 0
3291 3292 0
3808 3809 0
5938 5948 0
4105 4106 0
4387 4392 0
4497 4502 0
4370 4374 0
3941 3948 0
3685 3686 0
4504 4505 0
4476 4480 0
4731 4734 0
5891 5902 0
4625 4637 0
3265 3265 1
4467 4470 0
4088 4100 0
3994 3997 0
4679 4680 0
 
947 6289 0
1101 6022 0
730 4709 0
731 4866 0
779 4454 0
671 5134 0
948 4941 0
1023 4567 0
642 3747 0
962 5321 0
939 5477 0
621 3350 0
722 4745 0
739 4956 0
978 6820 0
795 5153 0
950 5680 0
689 3986 0
905 3835 0
896 4958 0
850 4545 0
723 4020 0
861 4733 0
1025 7394 0
696 4023 0
 
313 3664 0
342 4290 0
234 3753 0
176 3468 0
365 4790 0
266 4010 0
243 3077 0
305 3835 0
331 4961 0
320 3663 0
411 4874 0
311 4811 0
326 4600 0
263 4036 0
284 3916 0
355 4319 0
318 3885 0
197 3335 0
323 3995 0
256 3468 0
277 3867 0
374 4488 0
389 3835 0
271 4039 0
308 4512 0
 
===
