2704 2704 1
3969 3969 1
6069 6069 1
2642 2642 1
2691 2691 1
3859 3861 0
3613 3613 1
3155 3155 1
3855 3855 1
3326 3326 1
3082 3082 1
5280 5280 1
4720 4720 1
3310 3310 1
3715 3715 1
4490 4490 1
3361 3361 1
3098 3098 1
5791 5791 1
3446 3446 1
3527 3527 1
3588 3588 1
3211 3211 1
2865 2865 1
2530 2530 1
 
===
3468 3468 1
2841 2841 1
3310 3310 1
5308 5308 1
4480 4481 0
3917 3917 1
2705 2705 1
3866 3866 1
3445 3445 1
3673 3673 1
3144 3144 1
3038 3038 1
3942 3942 1
3278 3283 0
4180 4180 1
3540 3540 1
3731 3731 1
3572 3572 1
3078 3078 1
3843 3843 1
3604 3604 1
3580 3580 1
3812 3812 1
5554 5557 0
4288 4288 1
 
===
4143 4143 1
3994 3995 0
3623 3623 1
5421 5424 0
3380 3382 0
3784 3787 0
3348 3349 0
3887 3887 1
6018 6025 0
4153 4153 1
4446 4446 1
4562 4564 0
4426 4427 0
3999 4000 0
3739 3740 0
4552 4554 0
4556 4556 1
4790 4790 1
5975 5976 0
4685 4691 0
3309 3309 1
4522 4523 0
4155 4160 0
4042 4045 0
4743 4743 1
 
===
1296 6381 0
1637 6092 0
1134 4967 0
1110 4918 0
1257 4525 0
1196 5188 0
1442 5003 0
1553 4621 0
1068 3794 0
1346 5376 0
1262 5522 0
990 3374 0
1086 4782 0
1227 4998 0
1178 6894 0
1095 5204 0
1339 5911 0
1071 4031 0
1290 3870 0
1300 5021 0
1248 4600 0
1053 4076 0
1385 4788 0
1186 7499 0
934 4073 0
 
===
