2727 2727 1
3986 3986 1
6045 6045 1
2647 2647 1
2684 2684 1
3861 3861 1
3609 3609 1
3153 3153 1
3531 3531 1
3318 3318 1
3081 3081 1
5308 5308 1
4734 4734 1
3307 3307 1
3707 3707 1
4496 4496 1
3356 3356 1
3105 3105 1
5789 5789 1
3442 3442 1
3513 3513 1
3592 3592 1
3214 3214 1
2848 2848 1
2530 2530 1
 
===
3479 3479 1
2815 2815 1
3292 3292 1
5318 5318 1
4535 4535 1
3913 3913 1
2693 2696 0
3857 3858 0
3431 3431 1
3659 3659 1
3152 3152 1
3044 3046 0
3945 3945 1
3289 3289 1
4171 4171 1
3543 3543 1
3710 3712 0
3552 3552 1
3060 3061 0
3830 3830 1
3597 3597 1
3593 3593 1
3804 3804 1
5707 5707 1
4287 4287 1
 
===
1158 4156 0
1063 3960 0
825 3599 0
1234 5433 0
814 3359 0
915 3730 0
665 3319 0
1035 3844 0
1246 6017 0
951 4162 0
832 4440 0
951 4546 0
1107 4409 0
817 4184 0
940 3718 0
1007 4543 0
1168 4528 0
988 4783 0
1265 5962 0
1063 4665 0
661 3297 0
946 4519 0
1134 4159 0
1201 4051 0
1199 4720 0
 
===
6523 6523 1
6143 6143 1
4809 4809 1
4981 4981 1
4552 4552 1
5207 5207 1
5024 5024 1
4620 4620 1
3796 3796 1
5373 5373 1
5587 5587 1
3457 3457 1
4818 4818 1
5332 5332 1
6932 6932 1
5219 5219 1
5750 5750 1
4027 4027 1
4038 4038 1
5020 5020 1
4607 4607 1
4066 4066 1
4791 4791 1
7546 7546 1
4083 4083 1
 
===
