3774 3774 1
2946 2946 1
3430 3430 1
3489 3489 1
1878 1878 1
2770 2770 1
2892 2892 1
3124 3124 1
5275 5275 1
4427 4427 1
3930 3930 1
4368 4368 1
3696 3696 1
3721 3721 1
2898 2898 1
3846 3846 1
3967 3967 1
4255 4255 1
2705 2705 1
3807 3807 1
3878 3878 1
3842 3842 1
2127 2127 1
3013 3013 1
4993 4993 1
 
===
2723 2723 1
3960 3960 1
6038 6038 1
2649 2649 1
2686 2686 1
3860 3861 0
3614 3614 1
3167 3167 1
3550 3550 1
3304 3304 1
3079 3079 1
5281 5281 1
4756 4756 1
3311 3311 1
3733 3733 1
4488 4488 1
3374 3374 1
3111 3111 1
5764 5764 1
3451 3451 1
3505 3505 1
3595 3595 1
3205 3205 1
2854 2854 1
2530 2530 1
 
===
3484 3484 1
2818 2818 1
3310 3310 1
5305 5305 1
4865 4865 1
3902 3902 1
2706 2706 1
3853 3853 1
3448 3448 1
3700 3700 1
3137 3137 1
3038 3038 1
3964 3964 1
3322 3322 1
4178 4178 1
3544 3544 1
3726 3726 1
3574 3574 1
3064 3064 1
3842 3842 1
3604 3604 1
3590 3590 1
3809 3809 1
5860 5860 1
4277 4277 1
 
===
4025 4025 1
3427 3427 1
3401 3402 0
2794 2794 1
3761 3761 1
5302 5302 1
3851 3851 1
3427 3427 1
3771 3771 1
4776 4776 1
3041 3043 0
3145 3145 1
4598 4598 1
5317 5317 1
5393 5393 1
4225 4225 1
3629 3629 1
5743 5743 1
3987 3987 1
3973 3973 1
4147 4147 1
3896 3896 1
4689 4689 1
4522 4522 1
3487 3487 1
 
===
4443 4443 1
3894 3894 1
3587 3587 1
3465 3465 1
4902 4902 1
4585 4585 1
5926 5926 1
4801 4801 1
3042 3042 1
4147 4147 1
5594 5594 1
4298 4298 1
3835 3835 1
4674 4675 0
4070 4070 1
3905 3906 0
4384 4384 1
4990 4990 1
5297 5297 1
4245 4245 1
5811 5811 1
4183 4184 0
4168 4168 1
4814 4814 1
5179 5179 1
 
===
4157 4157 1
3978 3978 1
3626 3626 1
5474 5474 1
3394 3398 0
3768 3771 0
3337 3337 1
3861 3861 1
6020 6020 1
4184 4184 1
4452 4452 1
4562 4563 0
4429 4430 0
3997 3998 0
3718 3718 1
4544 4544 1
4558 4559 0
4810 4810 1
5973 5973 1
4686 4686 1
3444 3444 1
4516 4516 1
4148 4149 0
4033 4033 1
4729 4729 1
 
===
6465 6465 1
6705 6705 1
5277 5277 1
4965 4965 1
4569 4569 1
5219 5219 1
5014 5014 1
4627 4627 1
3801 3801 1
5392 5392 1
5612 5612 1
3377 3377 1
4779 4779 1
5001 5001 1
6916 6916 1
5227 5227 1
5749 5749 1
4026 4026 1
3890 3890 1
5009 5009 1
4606 4606 1
4050 4050 1
4773 4773 1
7484 7484 1
4074 4074 1
 
===
