273 273 1
457 457 1
109 109 1
503 503 1
387 387 1
122 122 1
161 161 1
207 207 1
123 123 1
123 123 1
136 136 1
373 373 1
188 188 1
451 451 1
669 669 1
336 336 1
306 306 1
112 112 1
220 220 1
184 184 1
772 772 1
278 278 1
912 912 1
360 360 1
634 634 1
 
936 936 1
420 420 1
579 579 1
509 509 1
612 612 1
408 408 1
1308 1308 1
724 724 1
547 547 1
560 560 1
470 470 1
639 639 1
886 886 1
514 514 1
383 383 1
291 291 1
534 534 1
620 620 1
1281 1281 1
401 401 1
384 384 1
1191 1191 1
291 291 1
760 760 1
1624 1624 1
 
688 688 1
2544 2544 1
1117 1117 1
770 770 1
980 980 1
516 516 1
1829 1829 1
1011 1011 1
1882 1882 1
1312 1312 1
2454 2454 1
1084 1084 1
2060 2060 1
877 877 1
1987 1987 1
1160 1160 1
1479 1479 1
1009 1009 1
720 720 1
865 865 1
1267 1267 1
797 797 1
1110 1110 1
1013 1013 1
1854 1854 1
 
757 757 1
1277 1277 1
2004 2004 1
1760 1760 1
1238 1238 1
1518 1518 1
1977 1977 1
2118 2118 1
1112 1112 1
2017 2017 1
2694 2694 1
837 837 1
1560 1560 1
1756 1756 1
1112 1112 1
3089 3089 1
2127 2127 1
1466 1466 1
2018 2018 1
1964 1964 1
2626 2626 1
1829 1829 1
1138 1138 1
1454 1454 1
1870 1870 1
 
1367 1367 1
1764 1764 1
1337 1337 1
2602 2602 1
2266 2266 1
1884 1884 1
1573 1573 1
1311 1311 1
1906 1906 1
2683 2683 1
1692 1692 1
2321 2321 1
1703 1703 1
1407 1407 1
1404 1404 1
2249 2249 1
1643 1643 1
2504 2504 1
1905 1905 1
2069 2069 1
1894 1894 1
2865 2865 1
1365 1365 1
2238 2238 1
3126 3126 1
 
3027 3027 1
1395 1395 1
3877 3877 1
3660 3660 1
1614 1614 1
2263 2263 1
2289 2289 1
2370 2370 1
2540 2540 1
2396 2396 1
1697 1697 1
1928 1928 1
2565 2565 1
2629 2629 1
2340 2340 1
1809 1809 1
2127 2127 1
1824 1824 1
1968 1968 1
1177 1177 1
1742 1742 1
1719 1719 1
2197 2197 1
1939 1939 1
2149 2149 1
 
2808 2808 1
1472 1472 1
3283 3283 1
2690 2690 1
2707 2707 1
2232 2232 1
2220 2220 1
2129 2129 1
2985 2985 1
3203 3203 1
2789 2789 1
2423 2423 1
2756 2756 1
3127 3127 1
2137 2137 1
2371 2371 1
1883 1883 1
2646 2646 1
1466 1466 1
2517 2517 1
2588 2588 1
2366 2366 1
2886 2886 1
2996 2996 1
1828 1828 1
 
2732 2732 1
3055 3055 1
5440 5440 1
1873 1873 1
2992 2992 1
3328 3328 1
3796 3796 1
4696 4698 0
2660 2660 1
4005 4005 1
3258 3258 1
2570 2570 1
2695 2695 1
3752 3752 1
3615 3615 1
2641 2641 1
3398 3399 0
2704 2704 1
2757 2759 0
4109 4109 1
2814 2814 1
4007 4009 0
2996 2996 1
2937 2937 1
3076 3076 1
 
2682 2682 1
3889 3892 0
5962 5965 0
2626 2629 0
2664 2664 1
3797 3810 0
3561 3561 1
3121 3121 1
3480 3480 1
3263 3263 1
3018 3019 0
5226 5230 0
4676 4678 0
3278 3278 1
3669 3669 1
4437 4440 0
3317 3317 1
3073 3073 1
5731 5731 1
3411 3414 0
3468 3469 0
3547 3547 1
3169 3169 1
2832 2832 1
2502 2502 1
 
3948 3951 0
3330 3331 0
3343 3345 0
3319 3319 1
4264 4266 0
6822 6823 0
3833 3856 0
3475 3475 1
3830 3836 0
4787 4789 0
3042 3049 0
3152 3152 1
4623 4624 0
5237 5274 0
5364 5389 0
4195 4239 0
3638 3639 0
5771 5771 1
4013 4013 1
3988 3988 1
4145 4147 0
3883 3883 1
4676 4689 0
4522 4526 0
3479 3481 0
 
3951 4131 0
3917 3963 0
3343 3590 0
5097 5428 0
3066 3371 0
3581 3741 0
3093 3307 0
3753 3866 0
5630 6026 0
4142 4156 0
4123 4429 0
4105 4552 0
4018 4421 0
3837 4000 0
3559 3738 0
4377 4539 0
4330 4527 0
4644 4878 0
5590 5907 0
4412 4634 0
3152 3270 0
4184 4468 0
3806 4112 0
3830 4001 0
4496 4678 0
 
407 5313 0
515 5115 0
309 4660 0
336 4394 0
359 4083 0
370 4483 0
457 4803 0
415 4325 0
310 3597 0
432 4440 0
468 4913 0
300 3267 0
363 4295 0
386 4643 0
403 5755 0
370 5021 0
389 4785 0
307 3609 0
332 3595 0
466 4522 0
377 4230 0
317 3976 0
406 4646 0
457 5799 0
294 4032 0
 
233 3386 0
250 3650 0
194 3303 0
135 3200 0
281 3861 0
201 3453 0
180 2832 0
224 3382 0
253 4096 0
248 3182 0
319 4140 0
258 3965 0
219 3875 0
207 3653 0
220 3346 0
231 3437 0
221 3602 0
157 3125 0
248 3442 0
192 3137 0
196 3612 0
274 3749 0
276 3347 0
214 3576 0
226 3813 0
 
===
