273 273 1
457 457 1
109 109 1
503 503 1
387 387 1
122 122 1
161 161 1
207 207 1
123 123 1
123 123 1
136 136 1
373 373 1
188 188 1
452 452 1
669 669 1
336 336 1
306 306 1
112 112 1
220 220 1
184 184 1
772 772 1
278 278 1
912 912 1
360 360 1
634 634 1
 
935 935 1
420 420 1
578 578 1
508 508 1
610 610 1
409 409 1
1311 1311 1
720 720 1
546 546 1
557 557 1
469 469 1
637 637 1
882 882 1
517 517 1
381 381 1
288 288 1
534 534 1
621 621 1
1282 1282 1
402 402 1
384 384 1
1192 1192 1
291 291 1
762 762 1
1629 1629 1
 
690 690 1
2544 2544 1
1119 1119 1
808 808 1
988 988 1
517 517 1
1833 1833 1
1012 1012 1
1885 1885 1
1310 1310 1
2451 2451 1
1084 1084 1
2060 2060 1
878 878 1
1992 1992 1
1160 1160 1
1481 1481 1
1007 1007 1
719 719 1
866 866 1
1270 1270 1
793 793 1
1103 1103 1
1010 1010 1
1852 1852 1
 
755 755 1
1276 1276 1
2009 2009 1
1756 1756 1
1241 1241 1
1521 1521 1
1994 1994 1
2120 2120 1
1111 1111 1
2017 2017 1
2689 2689 1
838 838 1
1556 1556 1
1756 1756 1
1111 1111 1
3072 3072 1
2130 2130 1
1464 1464 1
2019 2019 1
1965 1965 1
2631 2631 1
1828 1828 1
1144 1144 1
1454 1454 1
1873 1873 1
 
1369 1369 1
1771 1771 1
1339 1339 1
2604 2604 1
2271 2271 1
1881 1881 1
1574 1574 1
1311 1311 1
1907 1907 1
2684 2684 1
1685 1685 1
2321 2321 1
1704 1704 1
1410 1410 1
1405 1405 1
2250 2250 1
1642 1642 1
2499 2499 1
1905 1905 1
2069 2069 1
1896 1896 1
2866 2866 1
1365 1365 1
2239 2239 1
3127 3127 1
 
3025 3025 1
1393 1393 1
3882 3882 1
3659 3659 1
1614 1614 1
2263 2263 1
2290 2290 1
2375 2375 1
2541 2541 1
2390 2390 1
1698 1698 1
1928 1928 1
2564 2564 1
2628 2628 1
2340 2340 1
1809 1809 1
2128 2128 1
1819 1819 1
1971 1971 1
1177 1177 1
1739 1739 1
1717 1717 1
2199 2199 1
1939 1939 1
2151 2151 1
 
2808 2808 1
1464 1464 1
3282 3282 1
2690 2690 1
2704 2704 1
2235 2235 1
2222 2222 1
2135 2135 1
2979 2979 1
3205 3205 1
2790 2790 1
2425 2425 1
2758 2758 1
3131 3131 1
2137 2137 1
2364 2364 1
1883 1883 1
2645 2645 1
1465 1465 1
2517 2517 1
2588 2588 1
2363 2363 1
2889 2889 1
2993 2993 1
1828 1828 1
 
2732 2732 1
3052 3052 1
5433 5433 1
1875 1875 1
2992 2992 1
3329 3329 1
3784 3784 1
4701 4701 1
2660 2660 1
4008 4008 1
3259 3259 1
2571 2571 1
2694 2694 1
3752 3752 1
3613 3613 1
2647 2647 1
3398 3398 1
2703 2703 1
2758 2760 0
4107 4107 1
2812 2812 1
4008 4009 0
2991 2991 1
2936 2936 1
3075 3075 1
 
2685 2685 1
3894 3894 1
5970 5970 1
2629 2629 1
2666 2666 1
3811 3813 0
3559 3559 1
3123 3123 1
3482 3482 1
3264 3264 1
3014 3015 0
5228 5228 1
4674 4678 0
3277 3277 1
3670 3670 1
4441 4441 1
3318 3318 1
3073 3073 1
5730 5730 1
3414 3414 1
3475 3475 1
3551 3551 1
3172 3172 1
2834 2834 1
2501 2501 1
 
3951 3951 1
3326 3326 1
3344 3344 1
2739 2739 1
4397 4397 1
6487 6487 1
4497 4498 0
3451 3451 1
3879 3879 1
4790 4790 1
3071 3071 1
3136 3136 1
4623 4623 1
5262 5268 0
5378 5381 0
4612 4626 0
3647 3647 1
5763 5763 1
4016 4016 1
3981 3982 0
4145 4145 1
3876 3876 1
4686 4686 1
4524 4524 1
3479 3479 1
 
4126 4128 0
3972 3978 0
3584 3587 0
5586 5591 0
3369 3377 0
3898 3910 0
3325 3328 0
3849 3851 0
6015 6026 0
4149 4149 1
4448 4449 0
4552 4561 0
4430 4432 0
3981 3983 0
3737 3738 0
4547 4548 0
4546 4550 0
4784 4784 1
5942 5945 0
4629 4637 0
3265 3265 1
4465 4466 0
4097 4107 0
3998 3998 1
4675 4676 0
 
978 6314 0
1158 6036 0
786 4714 0
846 4873 0
915 4458 0
803 5143 0
1030 4941 0
1003 4571 0
796 3757 0
1030 5328 0
1179 5479 0
753 3351 0
833 4746 0
872 4963 0
1018 6830 0
804 5155 0
871 5684 0
792 3989 0
787 3835 0
1007 4963 0
956 4545 0
717 4023 0
1062 4739 0
1041 7392 0
658 4028 0
 
345 3687 0
346 4316 0
271 3806 0
162 3486 0
356 4868 0
272 4105 0
266 3099 0
296 3882 0
356 5025 0
344 3694 0
428 4958 0
343 4898 0
326 4683 0
274 4096 0
293 3958 0
332 3910 0
329 3936 0
211 3355 0
333 4083 0
281 3497 0
274 3882 0
375 4523 0
418 3884 0
307 4105 0
307 4555 0
 
===
