870 870 1
937 937 1
1114 1114 1
812 812 1
1211 1211 1
648 648 1
1839 1839 1
774 774 1
1687 1687 1
961 961 1
983 983 1
987 987 1
1809 1809 1
1580 1580 1
675 675 1
849 849 1
985 985 1
649 649 1
1062 1062 1
845 845 1
1035 1035 1
1068 1068 1
1073 1073 1
827 827 1
562 562 1
 
4202 4202 1
4227 4227 1
3409 3409 1
4179 4179 1
4148 4148 1
2558 2558 1
3259 3259 1
3625 3625 1
5967 5967 1
2503 2503 1
2784 2784 1
3377 3377 1
2968 2968 1
4804 4804 1
2306 2306 1
2293 2293 1
3583 3583 1
3761 3761 1
4914 4914 1
3719 3719 1
3038 3038 1
3050 3050 1
2588 2588 1
2565 2565 1
5282 5282 1
 
4550 4550 1
5178 5178 1
4137 4137 1
7222 7222 1
4897 4897 1
4276 4276 1
5948 5948 1
5942 5942 1
4754 4754 1
4215 4215 1
3724 3724 1
4313 4313 1
6602 6602 1
5687 5687 1
5274 5274 1
5460 5460 1
4972 4972 1
5160 5160 1
6243 6243 1
5208 5208 1
3988 3988 1
6072 6072 1
4993 4993 1
4621 4621 1
5076 5076 1
 
6718 6718 1
6173 6173 1
7171 7171 1
6272 6272 1
7549 7549 1
8297 8297 1
6835 6835 1
10499 10499 1
9188 9188 1
9705 9705 1
6785 6785 1
6332 6332 1
6744 6744 1
7299 7299 1
4667 4667 1
7016 7016 1
9185 9185 1
6743 6743 1
7641 7641 1
8193 8193 1
8143 8143 1
8555 8555 1
9554 9554 1
5650 5650 1
7793 7793 1
 
9938 9938 1
8585 8585 1
8338 8338 1
10195 10195 1
9010 9010 1
8267 8267 1
7679 7679 1
9934 9934 1
8145 8145 1
11150 11150 1
11531 11531 1
11576 11576 1
12153 12153 1
12492 12492 1
10534 10534 1
10100 10100 1
9700 9700 1
9204 9204 1
10819 10819 1
10634 10634 1
8695 8695 1
8875 8875 1
8699 8699 1
8580 8580 1
9093 9093 1
 
12471 12471 1
18247 18247 1
12682 12682 1
12448 12448 1
11193 11193 1
13681 13681 1
10442 10442 1
14871 14871 1
10252 10252 1
10927 10927 1
15182 15182 1
15135 15135 1
10278 10278 1
12977 12977 1
10964 10964 1
12441 12441 1
10986 10986 1
10904 10904 1
11886 11886 1
9250 9250 1
13288 13288 1
9731 9731 1
12731 12731 1
10322 10322 1
11557 11557 1
 
13746 13746 1
14018 14018 1
14347 14347 1
14339 14339 1
13723 13723 1
12319 12319 1
13433 13433 1
13494 13494 1
11596 11596 1
14165 14165 1
17701 17701 1
10113 10113 1
15088 15088 1
17265 17265 1
14518 14518 1
24125 24125 1
13480 13480 1
15054 15054 1
11161 11161 1
15757 15757 1
13605 13605 1
16362 16362 1
12206 12206 1
15787 15787 1
12459 12459 1
 
16112 16112 1
20065 20065 1
17544 17544 1
14839 14839 1
16036 16036 1
15509 15509 1
13946 13946 1
16682 16682 1
16323 16323 1
14993 14993 1
18093 18093 1
17315 17315 1
16651 16651 1
14331 14331 1
12300 12300 1
13661 13661 1
15541 15541 1
15792 15792 1
15241 15241 1
12785 12785 1
17783 17783 1
13678 13678 1
18303 18303 1
14383 14383 1
12718 12718 1
 
24597 24597 1
18069 18069 1
17887 17887 1
14758 14759 0
17643 17643 1
15198 15198 1
31839 31839 1
17489 17489 1
17027 17027 1
22802 22802 1
18666 18666 1
22018 22018 1
18709 18709 1
23463 23463 1
18204 18204 1
24128 24128 1
18053 18053 1
17140 17140 1
19096 19096 1
23114 23114 1
17411 17411 1
18520 18520 1
18867 18867 1
19003 19003 1
18214 18214 1
 
18903 18903 1
20612 20612 1
17193 17193 1
20471 20471 1
16143 16143 1
22609 22609 1
19286 19286 1
19852 19852 1
20883 20883 1
19651 19651 1
21247 21247 1
22278 22278 1
23372 23372 1
21258 21258 1
44966 44966 1
23875 23875 1
20928 20928 1
18570 18570 1
22821 22821 1
24427 24427 1
19930 19930 1
24615 24615 1
23480 23480 1
17999 17999 1
19865 19865 1
 
23120 23120 1
22441 22441 1
20510 20510 1
21759 21759 1
27097 27097 1
19905 19905 1
20744 20744 1
25931 25931 1
23715 23715 1
22389 22389 1
21347 21347 1
20290 20291 0
23722 23722 1
25253 25253 1
20965 20965 1
21736 21736 1
24828 24828 1
26565 26565 1
18041 18041 1
35866 35866 1
24238 24238 1
27186 27186 1
23685 23685 1
22789 22789 1
25959 25959 1
 
5122 20323 0
5733 22473 0
5414 22689 0
5061 21580 0
5276 27933 0
5339 25951 0
4706 25674 0
4983 26178 0
4755 22680 0
5425 28384 0
4973 20228 0
4948 24389 0
4787 22731 0
5328 25813 0
4690 22492 0
5150 20921 0
5157 20100 0
5087 21565 0
5283 21497 0
4686 27436 0
4775 24684 0
8344 36565 0
5749 23576 0
5745 27072 0
5279 26945 0
 
1873 19778 0
1786 19461 0
2162 20064 0
2197 21688 0
1863 19917 0
2052 20076 0
1728 19334 0
1945 19923 0
1664 19946 0
1795 17866 0
2252 22339 0
1802 21097 0
1794 19530 0
1921 20186 0
2193 20526 0
2006 21510 0
1752 19861 0
1928 20027 0
1868 20628 0
1852 19455 0
1728 19645 0
2154 22733 0
1845 20210 0
3394 33956 0
2061 22379 0
 
===
