2730 2730 1
3948 3948 1
6060 6060 1
2667 2667 1
2697 2697 1
3862 3863 0
3607 3607 1
3156 3156 1
3534 3534 1
3312 3312 1
3076 3076 1
5289 5289 1
4718 4718 1
3307 3307 1
3721 3721 1
4484 4484 1
3361 3361 1
3107 3107 1
5778 5778 1
3442 3442 1
3527 3527 1
3582 3582 1
3198 3198 1
2866 2866 1
2529 2529 1
 
===
3464 3464 1
2823 2823 1
3311 3311 1
5305 5305 1
4508 4508 1
3905 3905 1
2704 2704 1
3863 3863 1
3448 3448 1
3692 3692 1
3153 3153 1
3042 3042 1
3931 3935 0
3275 3275 1
4177 4177 1
3546 3546 1
3714 3714 1
3582 3582 1
3066 3066 1
3843 3843 1
3591 3591 1
3587 3587 1
3807 3807 1
5549 5549 1
4291 4291 1
 
===
4134 4137 0
3976 3976 1
3771 3771 1
5455 5457 0
3397 3400 0
3758 3766 0
3375 3375 1
3887 3888 0
6020 6034 0
4167 4167 1
4442 4443 0
4570 4572 0
4423 4425 0
4003 4005 0
3734 3734 1
4553 4553 1
4550 4552 0
4791 4791 1
5971 5972 0
4700 4702 0
3303 3303 1
4504 4504 1
4147 4151 0
4042 4043 0
4735 4735 1
 
===
432 5554 0
516 5271 0
352 4769 0
350 4515 0
360 4160 0
371 4569 0
474 4927 0
445 4451 0
326 3687 0
475 4873 0
480 5054 0
294 3329 0
360 4398 0
397 4729 0
416 5900 0
365 5089 0
434 4915 0
327 3668 0
362 3665 0
481 4647 0
421 4320 0
351 4047 0
457 4712 0
505 5950 0
299 4081 0
 
===
