2723 2723 1
3964 3964 1
6228 6228 1
2653 2653 1
2691 2691 1
3870 3870 1
3619 3619 1
3442 3442 1
3526 3526 1
3317 3317 1
3073 3073 1
5323 5323 1
4970 4970 1
3303 3303 1
3725 3725 1
4489 4489 1
3361 3361 1
3291 3291 1
5779 5779 1
3446 3446 1
3519 3519 1
3580 3580 1
3196 3196 1
2857 2857 1
2526 2526 1
 
===
3485 3485 1
2814 2814 1
3313 3313 1
5323 5323 1
4494 4494 1
3897 3897 1
2699 2702 0
3886 3886 1
3464 3464 1
3666 3666 1
3136 3136 1
3079 3079 1
3966 3966 1
3285 3285 1
4178 4178 1
3676 3676 1
4112 4113 0
3556 3556 1
3097 3097 1
3831 3831 1
3589 3589 1
3594 3594 1
3974 3975 0
5550 5550 1
4287 4287 1
 
===
4130 4130 1
3990 3990 1
3625 3625 1
5422 5422 1
3365 3365 1
3785 3786 0
3348 3348 1
3881 3881 1
6017 6017 1
4159 4159 1
4463 4463 1
4567 4567 1
4407 4407 1
4215 4215 1
3724 3724 1
4546 4546 1
4529 4529 1
4797 4797 1
5977 5977 1
4693 4693 1
3302 3302 1
4510 4510 1
4157 4157 1
4053 4053 1
4741 4741 1
 
===
6420 6422 0
6155 6155 1
4812 4812 1
4992 4992 1
4557 4557 1
5244 5244 1
5028 5028 1
4692 4692 1
3796 3796 1
5390 5390 1
5550 5551 0
3376 3376 1
4794 4794 1
5025 5025 1
6936 6938 0
5203 5203 1
5760 5760 1
4029 4029 1
3871 3871 1
5017 5018 0
4605 4605 1
4219 4219 1
4774 4774 1
7439 7439 1
4077 4077 1
 
===
