2722 2722 1
3940 3940 1
6073 6073 1
2657 2657 1
2695 2695 1
3845 3845 1
3620 3620 1
3147 3147 1
3551 3551 1
3301 3301 1
3067 3067 1
5294 5294 1
4747 4747 1
3518 3518 1
3704 3704 1
4493 4493 1
3354 3354 1
3114 3114 1
5786 5786 1
3449 3449 1
3502 3502 1
3585 3585 1
3208 3208 1
2848 2848 1
2527 2527 1
 
2709 2709 1
3941 3941 1
6048 6048 1
2651 2651 1
2690 2690 1
3858 3858 1
3593 3593 1
3404 3404 1
3526 3526 1
3279 3279 1
3043 3043 1
5270 5270 1
4683 4683 1
3283 3283 1
3673 3673 1
4441 4441 1
3316 3316 1
3078 3078 1
5728 5728 1
3413 3413 1
3471 3471 1
3553 3553 1
3175 3175 1
2836 2836 1
2502 2502 1
 
2682 2682 1
3892 3892 1
5974 5974 1
2630 2630 1
2668 2668 1
3813 3813 1
3557 3557 1
3125 3125 1
3481 3481 1
3261 3261 1
3015 3015 1
5228 5228 1
4676 4676 1
3278 3278 1
3672 3672 1
4446 4447 0
3320 3320 1
3078 3078 1
5736 5736 1
3419 3419 1
3473 3473 1
3550 3550 1
3172 3172 1
2832 2832 1
2501 2501 1
 
2685 2685 1
3892 3892 1
5968 5968 1
2631 2631 1
2671 2671 1
3810 3810 1
3558 3558 1
3120 3120 1
3489 3489 1
3262 3262 1
3019 3019 1
5230 5230 1
4673 4673 1
3276 3276 1
3666 3666 1
4443 4443 1
3320 3320 1
3083 3083 1
5729 5729 1
3420 3420 1
3471 3471 1
3550 3550 1
3170 3170 1
2831 2831 1
2500 2500 1
 
2685 2685 1
3892 3892 1
5973 5973 1
2629 2629 1
2665 2665 1
3811 3811 1
3556 3556 1
3123 3123 1
3482 3482 1
3259 3259 1
3017 3017 1
5228 5228 1
4676 4677 0
3278 3278 1
3669 3669 1
4437 4437 1
3315 3315 1
3072 3072 1
5729 5729 1
3416 3416 1
3475 3475 1
3550 3550 1
3170 3170 1
2831 2831 1
2500 2500 1
 
2685 2685 1
3893 3893 1
5967 5967 1
2629 2629 1
2666 2666 1
3811 3811 1
3557 3557 1
3122 3122 1
3480 3480 1
3259 3259 1
3019 3019 1
5230 5230 1
4675 4675 1
3275 3275 1
4915 4915 1
5121 5121 1
4325 4325 1
3130 3130 1
5838 5838 1
3472 3472 1
3518 3518 1
3599 3599 1
3225 3225 1
2860 2860 1
2546 2546 1
 
2718 2718 1
3926 3926 1
6035 6035 1
2650 2650 1
2684 2684 1
3857 3858 0
3600 3600 1
3145 3145 1
3528 3528 1
3289 3289 1
3550 3550 1
5290 5290 1
4721 4721 1
3306 3306 1
3707 3707 1
4483 4483 1
3355 3355 1
3106 3106 1
5795 5795 1
3433 3433 1
3512 3512 1
3575 3575 1
3196 3196 1
2855 2855 1
2517 2517 1
 
2700 2700 1
3923 3923 1
6043 6043 1
2651 2651 1
2694 2694 1
3849 3849 1
3583 3583 1
3139 3139 1
3482 3482 1
3259 3259 1
3019 3019 1
5235 5235 1
4678 4678 1
3280 3280 1
3675 3675 1
4449 4449 1
3316 3316 1
3079 3079 1
5735 5735 1
3414 3414 1
3473 3473 1
3555 3555 1
3167 3167 1
2830 2830 1
2500 2500 1
 
2681 2681 1
3894 3894 1
5976 5976 1
2631 2631 1
2668 2668 1
3809 3811 0
3558 3558 1
3128 3128 1
3482 3482 1
3264 3264 1
3016 3016 1
5230 5230 1
4678 4678 1
3280 3280 1
3669 3669 1
4440 4440 1
3319 3319 1
3073 3073 1
5723 5723 1
3416 3416 1
3474 3474 1
3549 3549 1
3175 3175 1
2829 2829 1
2500 2500 1
 
2684 2684 1
3898 3898 1
5976 5976 1
2626 2627 0
2666 2666 1
3815 3815 1
3562 3562 1
3123 3123 1
3490 3490 1
3262 3262 1
3019 3019 1
5232 5232 1
4674 4674 1
3278 3278 1
3673 3673 1
4440 4440 1
3319 3319 1
3079 3079 1
5734 5734 1
3414 3414 1
3472 3472 1
3554 3554 1
3176 3176 1
2831 2831 1
2500 2500 1
 
2683 2683 1
3894 3894 1
5968 5968 1
2630 2630 1
2665 2665 1
3809 3811 0
3554 3554 1
3120 3120 1
3486 3486 1
3259 3259 1
3017 3017 1
5231 5231 1
4675 4675 1
3278 3278 1
3670 3670 1
4440 4440 1
3314 3314 1
3079 3079 1
5727 5727 1
3413 3413 1
3471 3471 1
3550 3550 1
3363 3363 1
2828 2828 1
2501 2501 1
 
2683 2683 1
3899 3899 1
5965 5965 1
2630 2630 1
2666 2666 1
3817 3817 1
3556 3556 1
3120 3120 1
3482 3482 1
3263 3263 1
3561 3561 1
6078 6078 1
5413 5413 1
3419 3419 1
3755 3755 1
4513 4513 1
3389 3389 1
3137 3137 1
5797 5797 1
3473 3473 1
3503 3503 1
3588 3588 1
3229 3229 1
2874 2874 1
2531 2531 1
 
2724 2724 1
3934 3934 1
6031 6031 1
2656 2656 1
2706 2706 1
3844 3845 0
3600 3600 1
3144 3144 1
3514 3514 1
3293 3293 1
3064 3064 1
5300 5300 1
4735 4735 1
3307 3307 1
3715 3715 1
4478 4478 1
3352 3352 1
3109 3109 1
5800 5800 1
3447 3447 1
3517 3517 1
3586 3586 1
3189 3189 1
2856 2856 1
2516 2516 1
 
2706 2706 1
3931 3931 1
6029 6030 0
2652 2652 1
2669 2669 1
3816 3816 1
3563 3563 1
3127 3127 1
3482 3482 1
3266 3266 1
3018 3018 1
5234 5234 1
4675 4675 1
3278 3278 1
3674 3674 1
4446 4446 1
3317 3317 1
3079 3079 1
5731 5731 1
3413 3413 1
3470 3470 1
3550 3550 1
3171 3171 1
2830 2830 1
2501 2501 1
 
2685 2685 1
3901 3901 1
5967 5967 1
2632 2632 1
2667 2667 1
3812 3812 1
3564 3564 1
3126 3126 1
3487 3487 1
3260 3260 1
3020 3020 1
5227 5227 1
4680 4680 1
3278 3278 1
3670 3670 1
4439 4439 1
3319 3319 1
3075 3075 1
5732 5732 1
3416 3416 1
3476 3476 1
3555 3555 1
3175 3175 1
2834 2834 1
2499 2499 1
 
2682 2682 1
3895 3895 1
5967 5967 1
2630 2630 1
2667 2667 1
3812 3813 0
3563 3563 1
3124 3124 1
3489 3489 1
3258 3258 1
3016 3016 1
5229 5229 1
4678 4678 1
3277 3277 1
3672 3672 1
4439 4439 1
3317 3317 1
3076 3076 1
5728 5728 1
3413 3414 0
3470 3470 1
3547 3547 1
3170 3170 1
2834 2834 1
2498 2498 1
 
2689 2689 1
3894 3894 1
5965 5965 1
2628 2628 1
2666 2666 1
3811 3812 0
3560 3560 1
3121 3121 1
3481 3481 1
3261 3261 1
3020 3020 1
5231 5231 1
4678 4678 1
3275 3275 1
3668 3668 1
4440 4440 1
3317 3317 1
3072 3072 1
5728 5728 1
3415 3415 1
3469 3469 1
3550 3550 1
3171 3171 1
2832 2832 1
2502 2502 1
 
2682 2682 1
3890 3890 1
5971 5972 0
2627 2627 1
2669 2669 1
3812 3812 1
5401 5401 1
3522 3522 1
3996 3996 1
3484 3484 1
3084 3084 1
5335 5335 1
4761 4761 1
3843 3843 1
3745 3745 1
4494 4494 1
3353 3353 1
3122 3122 1
5787 5787 1
3459 3459 1
3522 3522 1
3597 3597 1
3208 3208 1
2869 2869 1
2528 2528 1
 
2715 2715 1
3930 3930 1
6052 6052 1
2644 2644 1
2693 2693 1
3856 3856 1
3608 3608 1
3147 3147 1
3516 3516 1
3282 3282 1
3049 3049 1
5409 5409 1
4761 4761 1
3313 3313 1
3719 3719 1
4523 4523 1
3351 3351 1
3106 3106 1
5794 5794 1
3454 3454 1
3502 3502 1
3580 3580 1
3196 3196 1
2853 2853 1
2519 2519 1
 
2683 2683 1
3892 3892 1
5973 5973 1
2629 2629 1
2672 2672 1
3811 3811 1
3570 3570 1
3129 3129 1
3489 3489 1
3268 3268 1
3017 3017 1
5232 5232 1
4681 4681 1
3278 3279 0
3671 3671 1
4442 4442 1
3317 3317 1
3074 3074 1
5728 5728 1
3418 3418 1
3474 3474 1
3556 3556 1
3169 3169 1
2833 2833 1
2504 2504 1
 
2682 2682 1
3893 3893 1
5987 5987 1
2632 2632 1
2670 2670 1
3814 3814 1
3557 3557 1
3125 3125 1
3480 3480 1
3264 3264 1
3021 3021 1
5229 5229 1
4679 4679 1
3277 3277 1
3670 3670 1
4442 4442 1
3322 3322 1
3076 3076 1
5730 5730 1
3412 3412 1
3470 3470 1
3549 3549 1
3172 3172 1
2829 2829 1
2507 2507 1
 
2682 2682 1
3893 3893 1
5978 5978 1
2629 2629 1
2667 2667 1
3817 3817 1
3555 3555 1
3124 3124 1
3486 3486 1
3262 3262 1
3017 3017 1
5231 5231 1
4676 4676 1
3279 3279 1
3675 3675 1
4441 4441 1
3315 3315 1
3073 3073 1
5726 5726 1
3418 3418 1
3472 3472 1
3550 3550 1
3170 3170 1
2835 2835 1
2499 2499 1
 
2685 2685 1
3892 3892 1
5967 5967 1
2628 2628 1
2664 2664 1
3809 3810 0
3560 3560 1
3121 3121 1
3482 3482 1
3265 3265 1
3018 3018 1
5238 5238 1
4674 4674 1
3277 3277 1
3673 3673 1
4442 4442 1
3315 3315 1
3072 3072 1
5734 5734 1
3411 3411 1
3470 3470 1
3550 3550 1
3179 3179 1
2830 2830 1
2505 2505 1
 
2683 2683 1
3893 3893 1
7565 7565 1
2949 2949 1
2916 2916 1
4158 4159 0
3642 3642 1
3175 3175 1
3557 3557 1
3311 3311 1
3059 3059 1
5290 5290 1
4740 4740 1
3303 3303 1
4197 4197 1
4489 4489 1
3345 3345 1
3108 3108 1
5786 5786 1
3453 3453 1
3495 3495 1
3599 3599 1
3214 3214 1
2877 2877 1
2524 2524 1
 
2714 2714 1
3935 3935 1
6053 6053 1
2642 2642 1
2697 2697 1
3856 3856 1
3592 3592 1
3871 3871 1
3521 3521 1
3293 3293 1
3044 3044 1
5286 5286 1
4720 4720 1
3301 3301 1
3702 3702 1
4484 4484 1
3359 3359 1
3114 3114 1
5792 5792 1
3446 3446 1
3498 3498 1
3556 3556 1
3168 3168 1
2831 2831 1
2502 2502 1
 
2683 2683 1
3895 3895 1
5967 5967 1
2632 2632 1
2675 2675 1
3811 3812 0
3558 3558 1
3126 3126 1
3484 3484 1
3263 3263 1
3018 3018 1
5235 5235 1
4674 4674 1
3279 3279 1
3678 3678 1
4439 4439 1
3315 3315 1
3075 3075 1
5731 5731 1
3412 3413 0
3475 3475 1
3550 3550 1
3171 3171 1
2833 2833 1
2499 2499 1
 
2683 2683 1
3897 3897 1
5977 5977 1
2631 2631 1
2670 2670 1
3811 3811 1
3556 3556 1
3123 3123 1
3482 3482 1
3258 3258 1
3018 3018 1
5229 5229 1
4676 4676 1
3279 3279 1
3668 3668 1
4438 4438 1
3317 3317 1
3074 3074 1
5735 5735 1
3413 3413 1
3470 3470 1
3549 3549 1
3168 3168 1
2829 2829 1
2500 2500 1
 
2680 2680 1
3893 3893 1
5971 5971 1
2631 2631 1
2664 2664 1
3810 3810 1
3555 3555 1
3124 3124 1
3486 3486 1
3262 3262 1
3015 3015 1
5231 5231 1
4676 4676 1
3276 3276 1
3669 3669 1
4441 4441 1
3318 3318 1
3072 3072 1
5727 5727 1
3414 3415 0
3472 3472 1
3550 3550 1
3173 3173 1
2828 2828 1
2500 2500 1
 
2688 2688 1
3893 3893 1
5971 5971 1
2629 2629 1
2666 2666 1
3812 3813 0
3557 3557 1
3122 3122 1
3484 3484 1
3259 3259 1
3016 3016 1
5235 5235 1
4679 4679 1
3281 3281 1
3668 3668 1
4440 4440 1
3316 3316 1
3077 3077 1
5725 5725 1
3414 3414 1
3471 3471 1
3552 3552 1
3169 3169 1
3267 3267 1
2952 2952 1
 
3331 3331 1
3953 3953 1
6077 6077 1
2676 2676 1
2706 2706 1
3858 3859 0
3604 3604 1
3154 3154 1
3543 3543 1
3322 3322 1
3049 3049 1
5280 5280 1
4757 4757 1
3304 3304 1
3714 3714 1
4509 4509 1
3354 3354 1
3117 3117 1
5780 5780 1
3441 3441 1
3514 3514 1
3594 3594 1
3221 3221 1
2855 2855 1
2535 2535 1
 
2704 2704 1
3921 3921 1
6035 6035 1
2650 2650 1
2680 2680 1
3868 3869 0
3607 3607 1
3146 3146 1
3533 3533 1
3296 3296 1
3051 3051 1
5287 5287 1
4724 4724 1
3302 3302 1
3707 3707 1
4469 4469 1
3366 3366 1
3074 3074 1
5735 5735 1
3413 3413 1
3472 3472 1
3551 3551 1
3173 3173 1
2834 2834 1
2498 2498 1
 
2684 2684 1
3894 3894 1
5973 5973 1
2629 2629 1
2673 2673 1
3810 3810 1
3569 3569 1
3123 3123 1
3481 3481 1
3266 3266 1
3018 3018 1
5233 5233 1
4676 4676 1
3277 3277 1
3676 3676 1
4447 4447 1
3318 3318 1
3074 3074 1
5730 5730 1
3416 3416 1
3469 3469 1
3551 3551 1
3172 3172 1
2829 2829 1
2501 2501 1
 
2681 2681 1
3896 3896 1
5969 5970 0
2632 2632 1
2669 2669 1
3812 3813 0
3556 3556 1
3120 3120 1
3485 3485 1
3258 3258 1
3022 3022 1
5226 5226 1
4674 4674 1
3281 3281 1
3672 3672 1
4450 4450 1
3317 3317 1
3079 3079 1
5734 5734 1
3423 3423 1
3469 3469 1
3548 3548 1
3171 3171 1
2829 2829 1
2499 2499 1
 
2683 2683 1
3892 3892 1
5973 5973 1
2627 2627 1
2666 2666 1
3812 3813 0
3561 3561 1
3123 3123 1
3484 3484 1
3261 3261 1
3018 3018 1
5229 5229 1
4676 4676 1
3279 3279 1
3668 3668 1
4438 4438 1
3316 3316 1
3075 3075 1
5726 5726 1
3414 3414 1
3473 3473 1
3548 3548 1
3171 3171 1
2832 2832 1
2503 2503 1
 
2683 2683 1
3893 3893 1
5973 5973 1
2627 2627 1
2665 2665 1
3812 3812 1
3560 3560 1
3123 3123 1
3486 3486 1
3264 3264 1
3015 3015 1
5232 5232 1
4676 4676 1
3278 3278 1
3670 3670 1
4441 4441 1
3318 3318 1
3072 3072 1
5734 5734 1
3989 3989 1
4023 4023 1
4007 4007 1
3209 3209 1
2889 2889 1
2528 2528 1
 
2723 2723 1
3958 3958 1
6066 6066 1
2660 2660 1
2694 2694 1
3883 3883 1
3613 3613 1
3152 3152 1
3541 3541 1
3310 3310 1
3063 3063 1
5283 5283 1
4741 4741 1
3309 3309 1
3953 3953 1
4889 4889 1
3349 3349 1
3108 3108 1
5784 5784 1
3439 3439 1
3522 3522 1
3582 3582 1
3206 3206 1
2854 2854 1
2520 2520 1
 
2709 2709 1
3933 3933 1
6031 6031 1
2653 2653 1
2686 2686 1
3854 3854 1
3575 3575 1
3145 3145 1
3518 3518 1
3292 3292 1
3067 3067 1
5275 5275 1
4730 4730 1
3279 3279 1
3678 3678 1
4443 4443 1
3318 3318 1
3075 3075 1
5736 5736 1
3413 3413 1
3475 3475 1
3555 3555 1
3170 3170 1
2834 2834 1
2499 2499 1
 
2685 2685 1
3901 3901 1
5970 5970 1
2632 2632 1
2669 2669 1
3809 3809 1
3576 3576 1
3125 3125 1
3484 3484 1
3260 3260 1
3019 3019 1
5233 5233 1
4679 4679 1
3276 3276 1
3671 3671 1
4451 4451 1
3319 3319 1
3080 3080 1
5731 5732 0
3415 3415 1
3471 3471 1
3550 3550 1
3175 3175 1
2841 2841 1
2499 2499 1
 
2683 2683 1
3894 3894 1
5968 5968 1
2631 2631 1
2666 2666 1
3813 3813 1
3561 3561 1
3121 3121 1
3483 3483 1
3262 3262 1
3017 3017 1
5229 5229 1
4675 4675 1
3276 3276 1
3671 3671 1
4443 4443 1
3318 3318 1
3079 3079 1
5726 5726 1
3419 3419 1
3475 3475 1
3550 3550 1
3176 3176 1
2830 2830 1
2505 2505 1
 
2685 2685 1
3892 3892 1
5970 5970 1
2629 2629 1
2668 2668 1
3814 3814 1
3557 3557 1
3123 3123 1
3480 3480 1
3261 3261 1
3018 3018 1
5230 5230 1
4678 4678 1
3278 3278 1
3672 3672 1
4444 4444 1
3314 3314 1
3075 3075 1
5726 5726 1
3415 3415 1
3472 3472 1
3547 3547 1
3185 3185 1
2830 2830 1
2501 2501 1
 
===
