2733 2733 1
3950 3953 0
6045 6048 0
2649 2649 1
2692 2692 1
3849 3852 0
3645 3645 1
3151 3151 1
3529 3529 1
3331 3331 1
3058 3058 1
5309 5311 0
4729 4734 0
3312 3315 0
3715 3715 1
4534 4538 0
3360 3360 1
3114 3114 1
5792 5792 1
3477 3477 1
3509 3509 1
3585 3585 1
3199 3199 1
2851 2851 1
2523 2523 1
 
===
3474 3474 1
2833 2833 1
3307 3307 1
5324 5324 1
4535 4535 1
3917 3917 1
2709 2709 1
4453 4453 1
3443 3443 1
3675 3675 1
3148 3148 1
3036 3036 1
3954 3954 1
3279 3282 0
4186 4186 1
3549 3549 1
3710 3710 1
3569 3569 1
3076 3076 1
3839 3839 1
3592 3592 1
3590 3590 1
3808 3808 1
5537 5540 0
4295 4295 1
 
===
4148 4149 0
3980 3981 0
3605 3605 1
5450 5450 1
3383 3386 0
3766 3769 0
3337 3338 0
3877 3878 0
6017 6019 0
4149 4149 1
4455 4455 1
4562 4564 0
4431 4431 1
3994 3997 0
3721 3721 1
4561 4562 0
4566 4566 1
4791 4791 1
5978 5981 0
4714 4716 0
3305 3305 1
4509 4510 0
4145 4152 0
4047 4047 1
4730 4730 1
 
===
457 5502 0
526 5308 0
345 4770 0
336 4534 0
374 4164 0
378 4629 0
474 4933 0
433 4452 0
349 3695 0
472 4862 0
491 5040 0
315 3329 0
408 4449 0
392 4716 0
417 5885 0
392 5074 0
413 4886 0
346 3678 0
361 3652 0
469 4659 0
394 4314 0
359 4045 0
448 4724 0
485 5942 0
297 4066 0
 
===
