2728 2728 1
3975 3975 1
6066 6066 1
2660 2660 1
2694 2694 1
3851 3853 0
3608 3608 1
3162 3162 1
3541 3541 1
3310 3310 1
3052 3052 1
5296 5296 1
4726 4726 1
3309 3309 1
4175 4175 1
4483 4483 1
3646 3646 1
3101 3101 1
5778 5778 1
3451 3451 1
3683 3683 1
3594 3594 1
3194 3194 1
2865 2865 1
2528 2528 1
 
===
3453 3453 1
2821 2821 1
3305 3305 1
5316 5317 0
4519 4532 0
3915 3915 1
2703 2704 0
4453 4453 1
3439 3439 1
3657 3657 1
3149 3149 1
3056 3056 1
3942 3946 0
3273 3285 0
4162 4163 0
3536 3536 1
3700 3701 0
3570 3570 1
3067 3067 1
3838 3838 1
3592 3592 1
3592 3592 1
3803 3803 1
5536 5550 0
4286 4287 0
 
===
4094 4179 0
3961 3991 0
3471 3632 0
5233 5460 0
3138 3379 0
3659 3793 0
3231 3334 0
3790 3887 0
5788 6032 0
4162 4168 0
4302 4441 0
4333 4554 0
4182 4416 0
3873 3991 0
3673 3740 0
4369 4552 0
4413 4552 0
4596 4815 0
5825 5967 0
4506 4690 0
3219 3302 0
4469 4533 0
3970 4144 0
3961 4058 0
4621 4740 0
 
===
452 5548 0
517 5339 0
343 4775 0
344 4556 0
385 4185 0
376 4653 0
501 4976 0
429 4464 0
354 3707 0
493 4702 0
488 5071 0
318 3357 0
382 4449 0
392 4720 0
435 5957 0
399 5094 0
418 4938 0
335 3692 0
370 3664 0
472 4695 0
423 4333 0
332 4052 0
449 4735 0
512 6014 0
304 4069 0
 
===
