2760 2760 1
3982 3982 1
6031 6031 1
2652 2652 1
2690 2690 1
3864 3864 1
3630 3630 1
3155 3155 1
3520 3520 1
3307 3307 1
3080 3081 0
5293 5293 1
4713 4713 1
3297 3297 1
3716 3716 1
4493 4493 1
3379 3379 1
3117 3117 1
5786 5786 1
3440 3440 1
3524 3524 1
3575 3575 1
3202 3202 1
2872 2872 1
2515 2515 1
 
===
3448 3448 1
2814 2814 1
3306 3306 1
5306 5306 1
4466 4466 1
3908 3908 1
2708 2708 1
3859 3859 1
3445 3445 1
3666 3666 1
3151 3151 1
3045 3045 1
3942 3942 1
3292 3292 1
4169 4169 1
3567 3567 1
3709 3709 1
3561 3561 1
3061 3061 1
3843 3843 1
3583 3583 1
3587 3587 1
3850 3850 1
5882 5882 1
4291 4291 1
 
===
4028 4028 1
3388 3388 1
3401 3403 0
2793 2793 1
3738 3738 1
5306 5306 1
3858 3858 1
3423 3423 1
3771 3771 1
4752 4752 1
3041 3043 0
3148 3148 1
4603 4603 1
5269 5269 1
5394 5394 1
4237 4237 1
3630 3630 1
5739 5739 1
4003 4003 1
3988 3988 1
4158 4158 1
3912 3913 0
4690 4690 1
4490 4490 1
3466 3466 1
 
===
4443 4443 1
3898 3902 0
3577 3577 1
3459 3459 1
4907 4907 1
4576 4576 1
5922 5922 1
4829 4829 1
3024 3024 1
4151 4153 0
4759 4759 1
4316 4316 1
3831 3831 1
4665 4668 0
3488 3488 1
3881 3882 0
4414 4414 1
4985 4985 1
5320 5320 1
4241 4241 1
5781 5781 1
4159 4164 0
4141 4141 1
4951 4951 1
5191 5191 1
 
===
4131 4132 0
3974 3974 1
3630 3630 1
5422 5422 1
3390 3391 0
3782 3788 0
3341 3341 1
3880 3880 1
6045 6045 1
4147 4147 1
4444 4444 1
4562 4563 0
4435 4436 0
4209 4211 0
3735 3735 1
4573 4573 1
4553 4553 1
4804 4804 1
5977 5977 1
4695 4695 1
3310 3310 1
4515 4515 1
4152 4153 0
4192 4192 1
4734 4734 1
 
===
395 5025 0
499 5251 0
324 4863 0
296 4190 0
330 3990 0
312 4196 0
386 4616 0
364 4230 0
277 3555 0
390 4171 0
399 4705 0
261 3122 0
318 4005 0
323 4577 0
386 5386 0
331 4912 0
354 4509 0
266 3524 0
311 3536 0
405 4228 0
328 4078 0
281 3856 0
373 4604 0
440 5321 0
261 4257 0
 
===
