2714 2714 1
3929 3929 1
6074 6074 1
2651 2651 1
2718 2718 1
3868 3870 0
3610 3610 1
3166 3166 1
3525 3525 1
3294 3294 1
3078 3079 0
5276 5276 1
4740 4740 1
3304 3304 1
3727 3727 1
4485 4485 1
3348 3348 1
3094 3094 1
5795 5795 1
3442 3442 1
3515 3515 1
3584 3584 1
3221 3221 1
2857 2857 1
2527 2527 1
 
3454 3454 1
2804 2804 1
3282 3282 1
5306 5306 1
4457 4459 0
3894 3895 0
2690 2693 0
3853 3853 1
3448 3448 1
3656 3656 1
3127 3127 1
3053 3054 0
3917 3917 1
3244 3245 0
4139 4140 0
3505 3505 1
3671 3672 0
3534 3534 1
3042 3042 1
3799 3799 1
3551 3551 1
3550 3550 1
3788 3788 1
5493 5498 0
4253 4253 1
 
3957 3959 0
3336 3336 1
3336 3344 0
2739 2739 1
3694 3694 1
5217 5217 1
3790 3792 0
3384 3384 1
3725 3736 0
4685 4685 1
3001 3009 0
3119 3119 1
4550 4550 1
5210 5211 0
5318 5320 0
4187 4195 0
3586 3586 1
5705 5706 0
3959 3959 1
3943 3943 1
4107 4108 0
3857 3859 0
4627 4627 1
4462 4462 1
3446 3446 1
 
4354 4361 0
3823 3843 0
3530 3541 0
3406 3410 0
4810 4816 0
4514 4520 0
5850 5858 0
4761 4761 1
2982 2991 0
4088 4107 0
4691 4693 0
4258 4259 0
3803 3804 0
4584 4599 0
3435 3435 1
3829 3841 0
4332 4349 0
4927 4928 0
5217 5218 0
4179 4179 1
5698 5698 1
4105 4138 0
4089 4099 0
4770 4771 0
5106 5126 0
 
3384 4072 0
3081 3904 0
2505 3542 0
3538 5356 0
2250 3332 0
2948 3704 0
1878 3289 0
3221 3806 0
3733 5943 0
3410 4101 0
2658 4394 0
2688 4494 0
3378 4364 0
2511 3939 0
2904 3687 0
3172 4496 0
3485 4479 0
2956 4731 0
3862 5902 0
2153 4629 0
2209 3264 0
2906 4464 0
3229 4102 0
3478 3998 0
3513 4667 0
 
394 5162 0
444 4923 0
297 4563 0
280 4259 0
334 4007 0
387 4948 0
472 5429 0
404 4324 0
293 3603 0
432 4372 0
423 4848 0
269 3232 0
327 4169 0
340 4678 0
404 5699 0
326 5033 0
382 4738 0
289 3619 0
308 3586 0
398 4404 0
357 4187 0
323 3938 0
380 4658 0
420 5565 0
276 4058 0
 
224 3390 0
244 3617 0
186 3267 0
130 3148 0
261 3791 0
203 3410 0
180 2826 0
220 3359 0
236 4018 0
237 3139 0
294 4102 0
225 3873 0
225 3797 0
190 3629 0
217 3296 0
229 3399 0
222 3552 0
152 3080 0
239 3382 0
183 3073 0
189 3578 0
275 3648 0
271 3268 0
203 3491 0
205 3672 0
 
===
