2722 2722 1
3971 3971 1
6088 6088 1
2667 2667 1
2688 2688 1
3855 3855 1
3602 3602 1
3461 3461 1
3556 3556 1
3308 3308 1
3073 3073 1
5279 5279 1
4728 4728 1
3302 3302 1
3721 3721 1
4480 4480 1
3365 3365 1
3309 3309 1
5793 5793 1
3446 3446 1
3523 3523 1
3584 3584 1
3203 3203 1
2872 2872 1
2533 2533 1
 
===
3454 3454 1
2827 2827 1
3285 3285 1
5305 5305 1
4497 4497 1
3914 3914 1
2700 2702 0
3856 3856 1
3429 3429 1
3656 3656 1
3150 3150 1
3041 3043 0
3936 3936 1
3278 3278 1
4191 4191 1
3564 3564 1
4095 4097 0
3557 3557 1
3057 3057 1
3856 3856 1
3596 3596 1
3582 3582 1
3965 3965 1
5561 5561 1
4295 4295 1
 
===
4025 4026 0
3386 3386 1
3387 3393 0
2797 2797 1
3753 3753 1
5301 5301 1
3853 3853 1
3501 3501 1
3792 3796 0
4747 4747 1
3060 3069 0
3126 3126 1
4602 4602 1
5271 5272 0
5350 5350 1
4239 4239 1
3608 3608 1
5753 5753 1
4003 4003 1
3983 3983 1
4305 4306 0
3878 3880 0
4666 4666 1
4502 4502 1
3468 3468 1
 
===
4459 4459 1
3902 3902 1
3571 3571 1
3449 3449 1
4907 4907 1
4573 4573 1
5966 5966 1
4837 4837 1
3037 3037 1
4164 4164 1
4757 4757 1
4538 4538 1
3869 3869 1
4660 4660 1
4075 4075 1
3904 3904 1
4414 4414 1
5012 5012 1
5292 5292 1
4237 4237 1
5761 5761 1
4178 4178 1
4164 4164 1
4835 4835 1
5220 5220 1
 
===
952 4147 0
868 3977 0
669 3591 0
1045 5410 0
642 3374 0
746 3737 0
553 3321 0
889 3848 0
1135 6013 0
818 4150 0
724 4430 0
854 4545 0
921 4413 0
653 3986 0
761 3721 0
814 4537 0
964 4536 0
805 4762 0
1071 6126 0
755 4683 0
583 3446 0
762 4517 0
972 4144 0
1061 4174 0
1102 4745 0
 
===
6544 6544 1
6191 6191 1
4829 4829 1
5019 5019 1
4546 4546 1
5260 5260 1
5064 5064 1
4611 4611 1
3801 3801 1
5371 5371 1
5559 5559 1
3399 3399 1
4780 4780 1
5022 5022 1
6927 6927 1
5233 5233 1
5750 5750 1
4065 4065 1
3871 3871 1
5020 5020 1
4599 4599 1
4074 4074 1
4775 4775 1
7547 7547 1
4070 4070 1
 
===
