3765 3765 1
2928 2928 1
3441 3441 1
3496 3496 1
1895 1895 1
2783 2783 1
2888 2888 1
3113 3113 1
5231 5231 1
4416 4416 1
3954 3954 1
4089 4089 1
3685 3685 1
3728 3728 1
2882 2882 1
3806 3806 1
3986 3986 1
4282 4282 1
2700 2700 1
3802 3802 1
3872 3872 1
3829 3829 1
2127 2127 1
3002 3002 1
4987 4987 1
 
===
2745 2745 1
3988 3988 1
6045 6045 1
2643 2643 1
2692 2692 1
3853 3853 1
3616 3616 1
3140 3140 1
3535 3535 1
3307 3307 1
3076 3077 0
5299 5299 1
4745 4745 1
3306 3306 1
3722 3722 1
4486 4486 1
3340 3340 1
3120 3120 1
5763 5763 1
3449 3449 1
3529 3529 1
3597 3597 1
3197 3197 1
2885 2885 1
2519 2519 1
 
===
3504 3504 1
2810 2810 1
3750 3750 1
5290 5290 1
4499 4499 1
3897 3897 1
2700 2701 0
3863 3863 1
3433 3433 1
3659 3659 1
3152 3152 1
3051 3051 1
3973 3973 1
3296 3296 1
4184 4184 1
3536 3536 1
3714 3715 0
3587 3587 1
3073 3073 1
3845 3846 0
3617 3617 1
3575 3575 1
3963 3963 1
5567 5567 1
4301 4301 1
 
===
4018 4018 1
3379 3379 1
3418 3419 0
2829 2829 1
3740 3740 1
5315 5315 1
3840 3840 1
3454 3454 1
3786 3791 0
4739 4740 0
3023 3034 0
3139 3141 0
4590 4590 1
5293 5296 0
5390 5390 1
4219 4219 1
3628 3628 1
5752 5752 1
4006 4006 1
3979 3979 1
4132 4134 0
3870 3876 0
4679 4679 1
4504 4504 1
3486 3486 1
 
===
4423 4423 1
3953 3953 1
3619 3619 1
3493 3493 1
4887 4887 1
4570 4570 1
5982 5982 1
4824 4824 1
3039 3039 1
4147 4147 1
6311 6311 1
4325 4325 1
3849 3849 1
4656 4656 1
3484 3484 1
3887 3887 1
4417 4417 1
4986 4986 1
5303 5303 1
4226 4226 1
5772 5772 1
4169 4171 0
4143 4143 1
4825 4825 1
5330 5330 1
 
===
4131 4131 1
3993 3993 1
3650 3650 1
5421 5421 1
3371 3371 1
3775 3775 1
3339 3339 1
3889 3889 1
6011 6011 1
4155 4155 1
4456 4456 1
4533 4533 1
4409 4409 1
4002 4002 1
3725 3725 1
4551 4551 1
4516 4516 1
4793 4793 1
5952 5952 1
4678 4678 1
3307 3307 1
4513 4513 1
4146 4146 1
4044 4044 1
4711 4711 1
 
===
6473 6474 0
6138 6138 1
4777 4777 1
5038 5038 1
4534 4534 1
5185 5185 1
5013 5013 1
4656 4656 1
3797 3797 1
5409 5409 1
5536 5536 1
3386 3386 1
4789 4789 1
5020 5020 1
7315 7316 0
5213 5213 1
5743 5743 1
4220 4220 1
3890 3890 1
5035 5036 0
4987 4989 0
4068 4068 1
4796 4796 1
7464 7464 1
4077 4077 1
 
===
