2740 2740 1
3961 3961 1
6075 6075 1
2653 2653 1
2690 2690 1
3847 3847 1
3599 3599 1
3143 3143 1
3856 3856 1
3325 3325 1
3078 3078 1
5307 5307 1
4727 4727 1
3314 3314 1
4178 4178 1
4494 4494 1
3360 3360 1
3109 3109 1
5785 5785 1
3455 3455 1
3497 3497 1
3597 3597 1
3194 3194 1
2856 2856 1
2531 2531 1
 
===
3464 3464 1
2838 2838 1
3307 3307 1
5331 5331 1
4496 4498 0
3915 3915 1
2714 2714 1
3864 3864 1
3448 3448 1
3680 3680 1
3151 3151 1
3232 3232 1
3942 3942 1
3293 3295 0
4190 4190 1
3551 3551 1
3715 3715 1
3562 3562 1
3073 3073 1
3846 3846 1
3596 3596 1
3591 3591 1
3811 3811 1
5558 5561 0
4287 4287 1
 
===
4125 4127 0
3977 3978 0
3758 3758 1
5456 5457 0
3377 3383 0
3754 3764 0
3362 3362 1
3891 3892 0
6032 6034 0
4147 4147 1
4439 4440 0
4545 4546 0
4418 4420 0
3999 4000 0
3730 3730 1
4555 4556 0
4556 4557 0
4790 4790 1
5981 5984 0
4700 4701 0
3294 3294 1
4507 4508 0
4147 4150 0
4047 4048 0
4768 4768 1
 
===
462 5520 0
549 5285 0
343 4781 0
371 4525 0
389 4188 0
353 4558 0
466 4938 0
444 4460 0
328 3673 0
462 4586 0
495 5072 0
295 3334 0
373 4367 0
409 4724 0
407 5912 0
381 5103 0
406 5053 0
339 3676 0
382 3662 0
449 4613 0
412 4338 0
339 4052 0
434 4714 0
503 5902 0
295 4077 0
 
===
