2713 2713 1
3942 3943 0
6076 6076 1
2659 2659 1
2690 2690 1
4198 4201 0
3614 3614 1
3162 3162 1
3520 3520 1
3306 3306 1
3071 3071 1
5291 5291 1
4735 4736 0
3312 3313 0
4778 4778 1
4490 4490 1
3366 3366 1
3110 3110 1
5790 5790 1
3439 3439 1
3513 3513 1
3591 3591 1
3219 3219 1
2859 2859 1
2523 2523 1
 
3464 3464 1
2790 2790 1
3285 3285 1
5288 5288 1
4448 4451 0
3897 3897 1
2689 2689 1
3864 3864 1
3442 3442 1
3654 3654 1
3130 3130 1
3006 3006 1
3897 3897 1
3242 3247 0
4145 4145 1
3501 3501 1
3677 3677 1
3534 3534 1
3034 3034 1
3802 3802 1
3549 3549 1
3551 3551 1
3781 3781 1
5504 5506 0
4251 4251 1
 
3961 3961 1
3331 3331 1
3345 3345 1
2735 2735 1
3699 3699 1
5217 5217 1
3791 3793 0
3390 3390 1
3740 3740 1
4687 4687 1
3011 3011 1
3102 3102 1
4551 4551 1
5202 5205 0
5322 5322 1
4178 4188 0
3585 3585 1
5699 5699 1
3959 3959 1
3939 3939 1
4108 4108 1
3854 3854 1
4632 4632 1
4454 4454 1
3448 3448 1
 
4345 4358 0
3842 3842 1
3540 3540 1
3411 3411 1
4815 4815 1
4514 4521 0
5847 5851 0
4757 4757 1
2987 2987 1
4092 4109 0
4695 4698 0
4256 4265 0
3808 3808 1
4599 4599 1
3439 3439 1
3845 3845 1
4339 4347 0
4916 4919 0
5212 5212 1
4182 4182 1
5708 5708 1
4139 4142 0
4100 4100 1
5162 5171 0
5116 5129 0
 
4074 4075 0
3917 3918 0
3538 3543 0
5358 5360 0
3324 3326 0
3689 3698 0
3289 3291 0
3812 3813 0
5933 5942 0
4098 4098 1
4387 4391 0
4500 4501 0
4368 4368 1
3940 3941 0
3684 3685 0
4495 4495 1
4473 4475 0
4725 4727 0
5894 5901 0
4623 4635 0
3268 3268 1
4462 4464 0
4099 4104 0
3993 3995 0
4670 4670 1
 
1325 6286 0
1583 6018 0
1110 4703 0
1230 4955 0
1484 5105 0
1377 6163 0
1459 5085 0
1242 4681 0
979 3824 0
1395 5392 0
1403 5562 0
1087 3390 0
1144 4792 0
1400 5662 0
1197 6900 0
1107 5215 0
1160 5745 0
937 4026 0
1154 3876 0
1503 5010 0
1241 4614 0
1167 4263 0
1276 4792 0
1330 7487 0
827 4065 0
 
356 3751 0
398 4546 0
273 3895 0
197 3533 0
417 5237 0
300 4275 0
290 3220 0
339 3970 0
356 5245 0
366 3841 0
422 5130 0
367 5198 0
329 4855 0
284 4206 0
313 4063 0
358 3985 0
330 3963 0
236 3422 0
352 4224 0
312 3565 0
278 3914 0
459 5072 0
444 3983 0
314 4167 0
336 4642 0
 
===
