3744 3744 1
2935 2935 1
3426 3426 1
3493 3493 1
1874 1874 1
2759 2759 1
2877 2877 1
3117 3117 1
5216 5216 1
4421 4421 1
3932 3932 1
4081 4081 1
3679 3679 1
3746 3746 1
2890 2890 1
3829 3829 1
3988 3988 1
4246 4246 1
2705 2705 1
3801 3801 1
3895 3895 1
3831 3831 1
2121 2121 1
3024 3024 1
5010 5010 1
 
===
2715 2715 1
3961 3961 1
6060 6060 1
2656 2656 1
2686 2686 1
3882 3882 1
3613 3613 1
3155 3155 1
3545 3545 1
3328 3328 1
3055 3055 1
5326 5326 1
4723 4723 1
3300 3300 1
3725 3725 1
4484 4484 1
3364 3364 1
3115 3115 1
5814 5814 1
3449 3449 1
3513 3513 1
3590 3590 1
3195 3195 1
2862 2862 1
2519 2519 1
 
===
3486 3486 1
2826 2826 1
3324 3324 1
5334 5334 1
4468 4468 1
3928 3928 1
2698 2698 1
3853 3853 1
3442 3442 1
3691 3691 1
3151 3151 1
3038 3038 1
3927 3927 1
3291 3291 1
4174 4174 1
3534 3534 1
4110 4110 1
3570 3570 1
3067 3067 1
3846 3846 1
3579 3579 1
3583 3583 1
3817 3817 1
5547 5547 1
4288 4288 1
 
===
3997 3997 1
3373 3373 1
3445 3445 1
2783 2783 1
3746 3746 1
5292 5292 1
3854 3854 1
3438 3438 1
3765 3765 1
4758 4758 1
3070 3070 1
3153 3153 1
4595 4595 1
5293 5293 1
5391 5391 1
4237 4237 1
3633 3633 1
5759 5759 1
3992 3992 1
3975 3975 1
4145 4145 1
3890 3890 1
4684 4684 1
4509 4509 1
3465 3465 1
 
===
4411 4411 1
3890 3898 0
3610 3615 0
3470 3471 0
4907 4909 0
4583 4585 0
5950 5951 0
4825 4825 1
3023 3027 0
4137 4147 0
4745 4745 1
4555 4555 1
3879 3879 1
4649 4658 0
3472 3472 1
3863 3870 0
4389 4389 1
4978 4978 1
5297 5297 1
4249 4249 1
5781 5781 1
4206 4219 0
4145 4151 0
4817 4817 1
5182 5182 1
 
===
4126 4126 1
3985 3985 1
3695 3695 1
5405 5405 1
3370 3370 1
3786 3786 1
3343 3343 1
3877 3877 1
6003 6003 1
4159 4159 1
4435 4435 1
4538 4538 1
4411 4411 1
4012 4012 1
3740 3740 1
4560 4560 1
4544 4544 1
4783 4783 1
6116 6116 1
4689 4689 1
3448 3448 1
4509 4509 1
4159 4159 1
4170 4170 1
4718 4718 1
 
===
6458 6458 1
6158 6158 1
4804 4804 1
5012 5012 1
4544 4544 1
5231 5231 1
5030 5030 1
4615 4615 1
3793 3793 1
5768 5768 1
5614 5614 1
3419 3419 1
4792 4792 1
5029 5029 1
6955 6955 1
5233 5233 1
5755 5755 1
4037 4037 1
3881 3881 1
5010 5010 1
4587 4587 1
4066 4066 1
4805 4805 1
7460 7460 1
4064 4064 1
 
===
