2728 2728 1
3968 3968 1
6087 6087 1
2658 2658 1
2689 2689 1
3868 3868 1
3619 3619 1
3154 3154 1
3535 3535 1
3332 3332 1
3073 3073 1
5284 5284 1
4727 4727 1
3319 3319 1
3731 3731 1
4498 4498 1
3359 3359 1
3107 3107 1
5777 5777 1
3456 3457 0
3534 3534 1
3589 3589 1
3189 3189 1
2872 2872 1
2521 2521 1
 
===
3460 3461 0
2813 2813 1
3299 3299 1
5322 5323 0
4505 4527 0
3919 3922 0
2702 2704 0
4459 4461 0
3462 3462 1
3673 3673 1
3145 3145 1
3040 3040 1
3918 3927 0
3274 3296 0
4175 4176 0
3554 3554 1
3700 3703 0
3585 3585 1
3086 3086 1
3838 3838 1
3586 3586 1
3592 3593 0
3808 3808 1
5547 5566 0
4282 4282 1
 
===
4079 4189 0
3963 3994 0
3430 3615 0
5175 5433 0
3138 3386 0
3613 3762 0
3244 3355 0
3760 3868 0
5740 6014 0
4150 4161 0
4227 4441 0
4251 4550 0
4177 4415 0
3850 3996 0
3622 3725 0
4368 4539 0
4352 4544 0
4558 4781 0
5769 5968 0
4515 4685 0
3170 3294 0
4355 4518 0
3939 4167 0
3937 4053 0
4586 4737 0
 
===
1245 6384 0
1547 6109 0
1098 4965 0
1152 4920 0
1223 4501 0
1104 5181 0
1656 6095 0
1260 4618 0
916 3790 0
1294 5380 0
1380 5543 0
932 3392 0
1130 4795 0
1198 5018 0
1286 6906 0
1129 5214 0
1291 5750 0
903 4028 0
1150 3862 0
1272 5020 0
1248 4595 0
910 4057 0
1250 4779 0
1246 7467 0
911 4072 0
 
===
