2715 2715 1
3932 3936 0
6064 6065 0
2665 2667 0
2693 2693 1
3837 3849 0
3591 3593 0
3162 3162 1
3535 3535 1
3302 3302 1
3067 3068 0
5282 5284 0
4717 4723 0
3312 3315 0
5009 5009 1
4660 4663 0
3352 3352 1
3110 3110 1
5774 5775 0
3446 3449 0
3519 3520 0
3596 3596 1
3206 3206 1
2864 2864 1
2521 2521 1
 
3483 3483 1
2794 2794 1
3289 3289 1
5288 5289 0
4436 4460 0
3893 3899 0
2685 2687 0
3869 3870 0
3445 3445 1
3654 3654 1
3145 3145 1
3004 3006 0
3885 3900 0
3222 3246 0
4137 4139 0
3512 3512 1
3677 3678 0
3534 3534 1
3029 3029 1
3802 3802 1
3551 3551 1
3553 3553 1
3789 3789 1
5479 5501 0
4250 4250 1
 
3945 3949 0
3325 3325 1
3361 3365 0
2736 2736 1
3697 3697 1
5212 5213 0
3776 3796 0
3388 3388 1
3738 3739 0
4684 4684 1
2997 3006 0
3107 3108 0
4547 4552 0
5180 5207 0
5287 5319 0
4160 4196 0
3586 3587 0
5705 5705 1
3973 3973 1
3934 3936 0
4105 4107 0
3849 3851 0
4624 4629 0
4455 4457 0
3447 3447 1
 
4248 4358 0
3826 3842 0
3536 3543 0
3415 3415 1
4811 4814 0
4480 4519 0
5819 5854 0
4757 4759 0
2986 2992 0
3929 4103 0
4675 4696 0
4215 4261 0
3804 3804 1
4580 4602 0
3446 3446 1
3838 3843 0
4274 4346 0
4886 4924 0
5216 5216 1
4181 4182 0
5694 5698 0
4097 4138 0
4092 4095 0
4727 4768 0
5023 5126 0
 
4000 4073 0
3864 3907 0
3404 3540 0
5136 5359 0
3138 3331 0
3581 3698 0
3223 3290 0
3724 3808 0
5755 5951 0
4094 4099 0
4217 4390 0
4207 4497 0
4130 4367 0
3810 3938 0
3624 3686 0
4383 4498 0
4310 4476 0
4542 4729 0
5715 5899 0
4453 4634 0
3185 3265 0
4351 4464 0
3915 4111 0
3896 3997 0
4553 4676 0
 
427 5464 0
511 5222 0
334 4689 0
353 4508 0
452 4681 0
436 5309 0
508 4979 0
543 5064 0
333 3695 0
479 4646 0
488 5137 0
314 3349 0
374 4554 0
411 4773 0
445 6012 0
383 5145 0
400 4931 0
328 3703 0
345 3671 0
477 4667 0
401 4364 0
361 4059 0
440 4730 0
482 5997 0
307 4073 0
 
237 3457 0
245 3753 0
194 3411 0
135 3300 0
259 3973 0
220 3550 0
197 2892 0
231 3474 0
260 4271 0
256 3273 0
307 4251 0
267 4090 0
223 3988 0
194 3740 0
224 3406 0
244 3487 0
230 3639 0
155 3148 0
254 3480 0
204 3168 0
201 3644 0
285 3807 0
289 3387 0
212 3606 0
224 3877 0
 
===
