3993 4146 0
3951 3991 0
3315 3603 0
5058 5452 0
3053 3373 0
3578 3751 0
3172 3330 0
3759 3873 0
5640 6017 0
4140 4155 0
4224 4448 0
4192 4546 0
4064 4422 0
3767 3982 0
3635 3728 0
4384 4558 0
4360 4539 0
4546 4787 0
5772 5958 0
4435 4668 0
3158 3299 0
4379 4518 0
3913 4147 0
3910 4046 0
4632 4759 0
 
3969 4132 0
3903 3950 0
3898 4097 0
5106 5412 0
3149 3367 0
3598 3744 0
3194 3305 0
3701 3810 0
5586 5967 0
4095 4105 0
4156 4392 0
4146 4497 0
4077 4365 0
3809 3953 0
3609 3692 0
4316 4500 0
4304 4477 0
4391 4731 0
5680 5902 0
4353 4641 0
3158 3262 0
4345 4467 0
3885 4107 0
3853 4000 0
4517 4676 0
 
3970 4074 0
3851 3913 0
3329 3539 0
5086 5358 0
3091 3332 0
3519 3701 0
3160 3290 0
3713 3813 0
5619 5949 0
4096 4107 0
4156 4390 0
4176 4498 0
4049 4369 0
3804 3943 0
3591 3682 0
4318 4500 0
4294 4476 0
4558 4731 0
5665 5897 0
4456 4632 0
3147 3267 0
4338 4474 0
3831 4107 0
3861 3997 0
4526 4671 0
 
3976 4072 0
3858 3911 0
3326 3541 0
5028 5360 0
3015 3329 0
3541 3699 0
3146 3292 0
3694 3807 0
5706 5945 0
4098 4104 0
4172 4388 0
4162 4501 0
4063 4369 0
3822 3945 0
3589 3684 0
4377 4500 0
4334 4476 0
4441 4729 0
5725 5895 0
4448 4629 0
3170 3267 0
4348 4464 0
3871 4103 0
3874 3999 0
4513 4670 0
 
3976 4066 0
3860 3910 0
3358 3541 0
5062 5356 0
3085 3329 0
3546 3702 0
3208 3287 0
3712 3811 0
5607 5943 0
4087 4102 0
4158 4387 0
4147 4497 0
4060 4369 0
3795 3947 0
3585 3685 0
4344 4498 0
4326 4476 0
4477 4733 0
5678 5895 0
4340 4631 0
3640 3753 0
5141 5317 0
4408 4689 0
3968 4101 0
4638 4780 0
 
4068 4166 0
3964 3999 0
3372 3589 0
5175 5435 0
3061 3376 0
3610 3756 0
3198 3336 0
3766 3870 0
5706 6024 0
4160 4174 0
4250 4456 0
4192 4539 0
4116 4426 0
3828 3994 0
3656 3740 0
4380 4545 0
4376 4555 0
4604 4772 0
5716 5974 0
4416 4675 0
3190 3293 0
4374 4517 0
3926 4151 0
3923 4065 0
4611 4734 0
 
3989 4116 0
3910 3960 0
3395 3583 0
5143 5411 0
3127 3369 0
3573 3738 0
3196 3321 0
3721 3811 0
5525 5950 0
4096 4102 0
4161 4394 0
4180 4496 0
4026 4366 0
3810 3945 0
3597 3691 0
4289 4499 0
4302 4477 0
4443 4733 0
5684 5897 0
4414 4636 0
3182 3268 0
4296 4465 0
3869 4108 0
3857 3999 0
4533 4676 0
 
3981 4076 0
3894 3910 0
3317 3543 0
5021 5355 0
3090 3331 0
3535 3700 0
3164 3287 0
3710 3808 0
5608 5948 0
4111 4117 0
4149 4389 0
4216 4493 0
4067 4367 0
3825 3947 0
3599 3685 0
4305 4502 0
4325 4483 0
4437 4725 0
5668 5899 0
4446 4640 0
3132 3264 0
4340 4472 0
3874 4100 0
3882 3996 0
4526 4671 0
 
3955 4073 0
3886 3912 0
3314 3547 0
5062 5360 0
3067 3331 0
3546 3700 0
3140 3291 0
4137 4244 0
5639 5945 0
4089 4103 0
4200 4391 0
4159 4490 0
4066 4367 0
3812 3946 0
3595 3687 0
4350 4496 0
4296 4478 0
4490 4731 0
5682 5906 0
4446 4635 0
3156 3263 0
4341 4464 0
3820 4100 0
3851 3997 0
4519 4668 0
 
3937 4074 0
3882 3914 0
3333 3548 0
5025 5359 0
3045 3329 0
3541 3698 0
3115 3291 0
3721 3816 0
5629 5943 0
5071 5077 0
4087 4388 0
4203 4495 0
4064 4365 0
3795 3943 0
3588 3688 0
4302 4499 0
4325 4474 0
4490 4731 0
5713 5896 0
4370 4633 0
3364 3476 0
5007 5165 0
4508 4791 0
3983 4109 0
4632 4780 0
 
4045 4166 0
3950 4000 0
3395 3620 0
5172 5442 0
3130 3386 0
3608 3759 0
3197 3330 0
3767 3872 0
5676 6010 0
4154 4163 0
4136 4444 0
4203 4539 0
4129 4420 0
3847 3994 0
3640 3729 0
4338 4545 0
4379 4536 0
4552 4786 0
5762 5969 0
4456 4681 0
3209 3308 0
4354 4519 0
3886 4145 0
3929 4046 0
4594 4747 0
 
4018 4131 0
3916 3958 0
3361 3590 0
5092 5413 0
3085 3360 0
3585 3745 0
3167 3308 0
3745 3854 0
5631 5953 0
4101 4112 0
4156 4393 0
4090 4491 0
4064 4369 0
3794 3949 0
3595 3691 0
4323 4504 0
4309 4481 0
4446 4732 0
5727 5907 0
4378 4644 0
3153 3266 0
4359 4468 0
3892 4103 0
3856 3995 0
4496 4670 0
 
3961 4078 0
3861 3907 0
3353 3542 0
5018 5359 0
3040 3326 0
3563 3704 0
3152 3289 0
3700 3805 0
5602 5944 0
4104 4114 0
4141 4395 0
4155 4493 0
4047 4370 0
3804 3946 0
3593 3685 0
4325 4500 0
4328 4483 0
4462 4733 0
5701 5904 0
4472 4634 0
3180 3265 0
4307 4471 0
3834 4112 0
3860 3994 0
4543 4672 0
 
3935 4072 0
3850 3910 0
3337 3542 0
5099 5356 0
3082 3333 0
3540 3698 0
3165 3288 0
3706 3814 0
5581 5949 0
4092 4104 0
4150 4392 0
4136 4496 0
4010 4368 0
3799 3946 0
3583 3685 0
4297 4497 0
4290 4479 0
4476 4728 0
5660 5904 0
4390 4634 0
3159 3271 0
4331 4465 0
3828 4103 0
3872 3994 0
4533 4669 0
 
3936 4068 0
3889 3911 0
3277 3546 0
4993 5358 0
3068 3328 0
3548 3697 0
3158 3288 0
3710 3809 0
5633 5949 0
4096 4105 0
4172 4390 0
4161 4490 0
4046 4366 0
3824 3946 0
3566 3686 0
4313 4501 0
4329 4477 0
4469 4729 0
5703 5901 0
4397 4638 0
3154 3268 0
5142 5307 0
4572 4798 0
5087 5295 0
4640 4779 0
 
4016 4173 0
3945 4000 0
3406 3614 0
5139 5462 0
3087 3376 0
3591 3756 0
3214 3334 0
3785 3882 0
5639 6020 0
4156 4165 0
4311 4456 0
4210 4550 0
4086 4409 0
3876 4002 0
3615 3720 0
4396 4554 0
4366 4550 0
4563 4780 0
5723 5991 0
4444 4696 0
3178 3294 0
4356 4515 0
3922 4153 0
3917 4067 0
4594 4756 0
 
4031 4141 0
4050 4077 0
3396 3584 0
5156 5406 0
3089 3373 0
3649 3857 0
3144 3325 0
3749 3956 0
5625 5994 0
4092 4103 0
4192 4390 0
4162 4492 0
4043 4372 0
3801 3948 0
3604 3689 0
4323 4505 0
4289 4482 0
4511 4732 0
5676 5899 0
4380 4640 0
3147 3264 0
4361 4470 0
3875 4105 0
3885 3997 0
4540 4679 0
 
3959 4073 0
3879 3910 0
3335 3542 0
5067 5356 0
3047 3333 0
3544 3699 0
3119 3287 0
3719 3813 0
5555 5945 0
4099 4110 0
4130 4389 0
4098 4494 0
4116 4369 0
3826 3944 0
3577 3685 0
4314 4506 0
4318 4480 0
4537 4730 0
5680 5901 0
4342 4635 0
3141 3265 0
4337 4472 0
3860 4107 0
3866 3998 0
4538 4673 0
 
3932 4071 0
3877 3913 0
3359 3547 0
5054 5359 0
3048 3332 0
3538 3701 0
3112 3287 0
3717 3816 0
5585 5945 0
4091 4103 0
4162 4389 0
4154 4495 0
4015 4370 0
3801 3946 0
3584 3687 0
4296 4501 0
4290 4478 0
4457 4728 0
5677 5898 0
4350 4633 0
3149 3264 0
4305 4463 0
3834 4102 0
3849 4000 0
4538 4671 0
 
3959 4071 0
3879 3909 0
3387 3546 0
5104 5357 0
3048 3328 0
3553 3698 0
3146 3290 0
3706 3808 0
5638 5941 0
4086 4103 0
4130 4391 0
4149 4495 0
4104 4369 0
3798 3942 0
3603 3685 0
4250 4502 0
4308 4476 0
4460 4728 0
5666 5899 0
4369 4635 0
3158 3264 0
4337 4463 0
4488 4783 0
4596 4728 0
5104 5271 0
 
4064 4174 0
3944 3994 0
3436 3624 0
5212 5454 0
3097 3392 0
3631 3789 0
3202 3352 0
3774 3879 0
5665 6018 0
4165 4175 0
4176 4453 0
4171 4536 0
4069 4407 0
3826 3987 0
3625 3713 0
4383 4546 0
4403 4561 0
4569 4767 0
5781 5968 0
4402 4692 0
3194 3308 0
4381 4513 0
3850 4148 0
3903 4046 0
4591 4751 0
 
4002 4115 0
3940 3971 0
3400 3583 0
5164 5415 0
3103 3363 0
3560 3738 0
3195 3329 0
3763 3854 0
5607 5996 0
4095 4106 0
4147 4393 0
4155 4500 0
4069 4375 0
3792 3945 0
3597 3692 0
4279 4505 0
4290 4482 0
4466 4733 0
5681 5899 0
4400 4640 0
3170 3265 0
4321 4468 0
3816 4108 0
3861 4005 0
4542 4677 0
 
3949 4080 0
3868 3909 0
3317 3542 0
5064 5355 0
3078 3332 0
3519 3701 0
3119 3285 0
3712 3807 0
5628 5946 0
4081 4100 0
4123 4392 0
4140 4491 0
4057 4364 0
3801 3951 0
3591 3693 0
4326 4506 0
4306 4473 0
4479 4731 0
5671 5901 0
4389 4632 0
3162 3268 0
4342 4464 0
3858 4105 0
3870 3994 0
4536 4675 0
 
3979 4072 0
3869 3909 0
3325 3545 0
5042 5357 0
3064 3329 0
3554 3697 0
3142 3288 0
3710 3809 0
5667 5952 0
4098 4107 0
4164 4393 0
4117 4491 0
4060 4367 0
3823 3947 0
3587 3685 0
4271 4494 0
4302 4480 0
4483 4735 0
5642 5901 0
4344 4629 0
3156 3262 0
4263 4468 0
3859 4102 0
3859 3995 0
4515 4674 0
 
3943 4073 0
3892 3907 0
3337 3540 0
5093 5356 0
3066 3326 0
3547 3699 0
3137 3292 0
3704 3808 0
5572 5952 0
4091 4104 0
4163 4391 0
4128 4494 0
4049 4368 0
3811 3940 0
3592 3685 0
4250 4503 0
4300 4474 0
4428 4726 0
5670 5902 0
4398 4631 0
3125 3267 0
4295 4463 0
3805 4099 0
4619 4743 0
6130 6287 0
 
4028 4169 0
3907 3969 0
3426 3637 0
5084 5416 0
3116 3397 0
3613 3783 0
3260 3356 0
3794 3899 0
5680 6031 0
4450 4463 0
4261 4450 0
4145 4551 0
4098 4419 0
3851 3994 0
3641 3733 0
4410 4542 0
4334 4539 0
4531 4797 0
5781 5956 0
4442 4685 0
3141 3289 0
4368 4512 0
3885 4152 0
3906 4040 0
4597 4739 0
 
4102 4258 0
3901 3971 0
3367 3586 0
5104 5410 0
3073 3356 0
3694 3866 0
3185 3322 0
3762 3860 0
5565 6009 0
4164 4172 0
4165 4398 0
4176 4502 0
4058 4370 0
3782 3941 0
3588 3684 0
4313 4513 0
4351 4482 0
4476 4733 0
5675 5907 0
4294 4638 0
3097 3266 0
4309 4466 0
3858 4112 0
3836 3999 0
4516 4668 0
 
3954 4072 0
3883 3908 0
3344 3543 0
5085 5356 0
3050 3324 0
3549 3701 0
3090 3288 0
3709 3810 0
5633 5945 0
4100 4109 0
4120 4390 0
4196 4504 0
4038 4366 0
3798 3957 0
3574 3690 0
4291 4505 0
4302 4476 0
4528 4729 0
5683 5903 0
4455 4635 0
3126 3267 0
4277 4465 0
3874 4105 0
3892 4000 0
4520 4672 0
 
3920 4071 0
3888 3912 0
3308 3546 0
5103 5357 0
3041 3332 0
3526 3701 0
3127 3287 0
3706 3814 0
5566 5940 0
4096 4107 0
4133 4387 0
4219 4496 0
4061 4366 0
3753 3945 0
3577 3687 0
4253 4497 0
4309 4483 0
4471 4729 0
5682 5903 0
4381 4633 0
3137 3265 0
4282 4464 0
3788 4104 0
3879 3998 0
4529 4673 0
 
3953 4070 0
3893 3911 0
3309 3548 0
5007 5357 0
3051 3328 0
3537 3698 0
3131 3287 0
3709 3809 0
5551 5945 0
4091 4104 0
4137 4391 0
4151 4493 0
4789 5083 0
3813 3942 0
3610 3682 0
4314 4499 0
4296 4476 0
4489 4728 0
5680 5896 0
4389 4635 0
3081 3266 0
4278 4468 0
3859 4103 0
4582 4731 0
5404 5572 0
 
4673 4792 0
3920 3967 0
3392 3615 0
5100 5459 0
3086 3391 0
3610 3764 0
3171 3330 0
3785 3884 0
5689 6038 0
4141 4153 0
4232 4450 0
4256 4554 0
4083 4413 0
3868 4017 0
3625 3729 0
4374 4558 0
4319 4536 0
4507 4781 0
5729 5988 0
4422 4687 0
3194 3297 0
4351 4515 0
3896 4160 0
3918 4046 0
4581 4744 0
 
4007 4123 0
3920 3948 0
3369 3594 0
5100 5437 0
3110 3360 0
3584 3753 0
3162 3322 0
3736 3845 0
5619 6021 0
4137 4147 0
4171 4435 0
4185 4498 0
4023 4370 0
3812 3947 0
3584 3685 0
4334 4509 0
4278 4478 0
4462 4736 0
5685 5900 0
4354 4635 0
3162 3267 0
4315 4471 0
3846 4119 0
3876 4000 0
4554 4676 0
 
3950 4074 0
3886 3905 0
3365 3545 0
4992 5354 0
3094 3330 0
3543 3700 0
3172 3286 0
3713 3820 0
5653 5951 0
4087 4107 0
4177 4399 0
4129 4498 0
4084 4372 0
3787 3945 0
3588 3683 0
4319 4506 0
4348 4482 0
4466 4735 0
5644 5904 0
4398 4639 0
3125 3268 0
4324 4469 0
3830 4104 0
3850 3993 0
4513 4672 0
 
3962 4071 0
3866 3912 0
3410 3552 0
5092 5355 0
1953 3327 0
684 3697 0
536 3286 0
794 3805 0
951 5941 0
709 4102 0
661 4395 0
748 4496 0
844 4363 0
583 3943 0
692 3686 0
799 4501 0
853 4476 0
716 4726 0
868 5901 0
659 4630 0
523 3262 0
650 4461 0
850 4102 0
887 3996 0
907 4670 0
 
876 4071 0
754 3911 0
579 3543 0
918 5357 0
559 3325 0
663 3696 0
495 3290 0
722 3805 0
958 5945 0
725 4105 0
654 4391 0
774 4496 0
824 4366 0
573 3944 0
677 3685 0
774 4494 0
878 4477 0
768 4727 0
954 5901 0
715 4634 0
513 3266 0
684 4463 0
849 4100 0
898 3992 0
1098 5397 0
 
1039 4634 0
925 4694 0
593 3646 0
898 5509 0
580 3375 0
721 3757 0
494 3329 0
796 3860 0
921 6012 0
695 4150 0
643 4423 0
750 4528 0
855 4416 0
600 3988 0
703 3728 0
777 4542 0
841 4518 0
736 4775 0
873 5970 0
703 4658 0
531 3286 0
715 4493 0
896 4139 0
892 4029 0
925 4734 0
 
878 4114 0
733 3953 0
586 3584 0
959 5407 0
570 3355 0
701 3739 0
508 3317 0
737 3860 0
946 6011 0
724 4149 0
652 4438 0
797 4516 0
836 4374 0
597 3949 0
700 3698 0
748 4507 0
924 4484 0
750 4730 0
864 5902 0
689 4636 0
515 3266 0
638 4468 0
877 4107 0
903 4006 0
973 4685 0
 
891 4073 0
777 3911 0
606 3549 0
888 5371 0
605 3331 0
705 3694 0
503 3294 0
771 3808 0
935 5955 0
693 4110 0
616 4391 0
724 4497 0
880 4366 0
586 3946 0
691 3686 0
776 4507 0
868 4477 0
819 5290 0
916 5903 0
683 4636 0
548 3269 0
622 4467 0
867 4103 0
891 4004 0
879 4670 0
 
901 4073 0
721 3910 0
573 3545 0
941 5353 0
557 3328 0
694 3694 0
498 3290 0
739 3806 0
1077 5946 0
698 4100 0
760 4390 0
781 4492 0
830 4366 0
613 3944 0
683 3684 0
742 4496 0
919 4480 0
773 4737 0
883 5906 0
741 4630 0
497 3266 0
634 4462 0
864 4105 0
902 3996 0
920 4669 0
 
854 4073 0
720 3908 0
604 3542 0
908 5356 0
591 3326 0
698 3697 0
503 3290 0
731 3809 0
940 5947 0
698 4107 0
721 4389 0
754 4496 0
891 4366 0
591 3944 0
697 3689 0
773 4498 0
855 4477 0
786 4727 0
886 5901 0
690 4628 0
550 3266 0
637 4463 0
866 4103 0
910 3991 0
896 4668 0
 
===
