872 872 1
937 937 1
1114 1114 1
813 813 1
1207 1207 1
651 651 1
1847 1847 1
774 774 1
1686 1686 1
965 965 1
990 990 1
982 982 1
1810 1810 1
1583 1583 1
675 675 1
850 850 1
985 985 1
652 652 1
1054 1054 1
849 849 1
1036 1036 1
1069 1069 1
1075 1075 1
828 828 1
562 562 1
 
4170 4170 1
4198 4198 1
3390 3390 1
4175 4175 1
4135 4135 1
2557 2557 1
3270 3270 1
3640 3640 1
5958 5958 1
2492 2492 1
2779 2779 1
3403 3403 1
2966 2966 1
4788 4788 1
2305 2305 1
2291 2291 1
3606 3606 1
3765 3765 1
4910 4910 1
3707 3707 1
3001 3001 1
3053 3053 1
2597 2597 1
2555 2555 1
5287 5287 1
 
4559 4559 1
5185 5185 1
4193 4193 1
7307 7307 1
4898 4898 1
4271 4271 1
5948 5948 1
5942 5942 1
4755 4755 1
4215 4215 1
3728 3728 1
4320 4320 1
6604 6604 1
5693 5693 1
5277 5277 1
5477 5477 1
4973 4973 1
5159 5159 1
6248 6248 1
5203 5203 1
3988 3988 1
6081 6081 1
4995 4995 1
4655 4655 1
5085 5085 1
 
6794 6794 1
6184 6184 1
7158 7158 1
6263 6263 1
7431 7431 1
8311 8311 1
6760 6760 1
10499 10499 1
9190 9190 1
9679 9679 1
6788 6788 1
6336 6336 1
6735 6735 1
7311 7311 1
4673 4673 1
7002 7002 1
9187 9187 1
6738 6738 1
7656 7656 1
8211 8211 1
8154 8154 1
8539 8539 1
9546 9546 1
5629 5629 1
7781 7781 1
 
9933 9933 1
8585 8585 1
8342 8342 1
10202 10202 1
9002 9002 1
8262 8262 1
7688 7688 1
9925 9925 1
8144 8144 1
11152 11152 1
11542 11542 1
9776 9776 1
9235 9235 1
15471 15471 1
10629 10629 1
10000 10000 1
9727 9727 1
9301 9301 1
11362 11362 1
10587 10587 1
8540 8540 1
8588 8588 1
8968 8968 1
8527 8527 1
9115 9115 1
 
12612 12612 1
16900 16900 1
12706 12706 1
12523 12523 1
11224 11224 1
13962 13962 1
10427 10427 1
14573 14573 1
10272 10272 1
10919 10919 1
15196 15196 1
15231 15231 1
10279 10279 1
13041 13041 1
10975 10975 1
12455 12455 1
10965 10965 1
10885 10885 1
11943 11943 1
9231 9231 1
13268 13268 1
9664 9664 1
12738 12738 1
10324 10324 1
11587 11587 1
 
13804 13804 1
14027 14027 1
14407 14407 1
14351 14351 1
13712 13712 1
12329 12330 0
13445 13445 1
13475 13475 1
11579 11579 1
14216 14216 1
17702 17702 1
10110 10110 1
15082 15082 1
17261 17261 1
14523 14523 1
24517 24517 1
15832 15832 1
15672 15672 1
11222 11222 1
15802 15802 1
14819 14819 1
15106 15106 1
12347 12347 1
15771 15771 1
12298 12298 1
 
16542 16542 1
20052 20052 1
17563 17563 1
14984 14984 1
16029 16029 1
15534 15534 1
13938 13938 1
16584 16584 1
17122 17122 1
14995 14995 1
18103 18103 1
17330 17330 1
16678 16678 1
14309 14309 1
12299 12299 1
13661 13661 1
15540 15540 1
15846 15846 1
15232 15232 1
12787 12787 1
17834 17834 1
13676 13676 1
18320 18320 1
14412 14412 1
12733 12733 1
 
24615 24615 1
18056 18057 0
17866 17866 1
14756 14756 1
17616 17616 1
15214 15214 1
24221 24222 0
18596 18596 1
17086 17086 1
22922 22922 1
17565 17565 1
22084 22084 1
20049 20049 1
20657 20657 1
18225 18225 1
24301 24301 1
18568 18568 1
17134 17134 1
19096 19096 1
21633 21633 1
17291 17291 1
18601 18601 1
18818 18819 0
19033 19033 1
18825 18825 1
 
20011 20011 1
20633 20633 1
19059 19059 1
20967 20968 0
16149 16149 1
22610 22610 1
19312 19312 1
19874 19875 0
20920 20920 1
19639 19639 1
21280 21282 0
22284 22284 1
23375 23375 1
21265 21266 0
23581 23581 1
22504 22504 1
19431 19431 1
19689 19689 1
22192 22192 1
24307 24308 0
19988 19988 1
24917 24919 0
23493 23495 0
18121 18121 1
19873 19873 1
 
22278 22279 0
22476 22480 0
20517 20519 0
21734 21738 0
27078 27078 1
19918 19920 0
20782 20784 0
25884 25884 1
23719 23719 1
22423 22427 0
21328 21328 1
20273 20273 1
23730 23730 1
25248 25251 0
20943 20943 1
21724 21724 1
24824 24828 0
26527 26542 0
18054 18054 1
40069 40072 0
24241 24245 0
26842 26847 0
23922 23924 0
22898 22907 0
25851 25851 1
 
2802 19828 0
2689 20553 0
2758 21593 0
2615 20188 0
3152 26011 0
2787 24054 0
2748 24126 0
2781 24350 0
2814 21504 0
3289 26070 0
2575 19791 0
3101 23701 0
2973 21609 0
3264 24378 0
2658 21198 0
2842 20761 0
2679 19532 0
2535 21157 0
2824 20816 0
2755 25251 0
2851 23306 0
4190 32363 0
2768 23218 0
3118 26019 0
2991 26378 0
 
1343 17646 0
1413 18069 0
1600 18508 0
1783 19826 0
1419 18063 0
1459 17631 0
1451 17504 0
1503 18252 0
1433 18222 0
1337 16230 0
1670 19744 0
1455 19110 0
1373 17887 0
1547 17952 0
1641 18414 0
1660 19643 0
1501 17797 0
1503 18415 0
1313 18042 0
1504 17909 0
1379 17733 0
1609 20261 0
1384 18510 0
2176 24706 0
1653 20177 0
 
===
