273 273 1
457 457 1
109 109 1
503 503 1
387 387 1
122 122 1
161 161 1
207 207 1
123 123 1
123 123 1
136 136 1
373 373 1
188 188 1
455 455 1
669 669 1
336 336 1
306 306 1
112 112 1
220 220 1
184 184 1
772 772 1
278 278 1
912 912 1
360 360 1
635 635 1
 
937 937 1
420 420 1
578 578 1
508 508 1
610 610 1
409 409 1
1308 1308 1
719 719 1
546 546 1
557 557 1
469 469 1
637 637 1
883 883 1
514 514 1
380 380 1
288 288 1
548 548 1
626 626 1
1280 1280 1
401 401 1
385 385 1
1190 1190 1
291 291 1
761 761 1
1628 1628 1
 
689 689 1
2546 2546 1
1121 1121 1
770 770 1
983 983 1
518 518 1
1830 1830 1
1008 1008 1
1893 1893 1
1311 1311 1
2449 2449 1
1083 1083 1
2058 2058 1
877 877 1
1990 1990 1
1159 1159 1
1480 1480 1
1005 1005 1
721 721 1
865 865 1
1267 1267 1
791 791 1
1109 1109 1
1010 1010 1
1852 1852 1
 
757 757 1
1271 1271 1
2003 2003 1
1752 1752 1
1243 1243 1
1537 1537 1
1996 1996 1
2122 2122 1
1112 1112 1
2014 2014 1
2686 2686 1
835 835 1
1557 1557 1
1761 1761 1
1120 1120 1
3068 3068 1
2130 2130 1
1461 1461 1
2019 2019 1
1963 1965 0
2631 2631 1
1828 1828 1
1139 1139 1
1454 1454 1
1871 1871 1
 
1375 1375 1
1772 1772 1
1338 1338 1
2606 2606 1
2266 2266 1
1879 1879 1
1573 1573 1
1310 1310 1
1903 1903 1
2689 2689 1
1684 1684 1
2321 2321 1
1704 1704 1
1409 1409 1
1404 1404 1
2250 2250 1
1642 1642 1
2498 2499 0
1904 1904 1
2069 2069 1
1894 1894 1
2864 2864 1
1365 1365 1
2240 2240 1
3126 3126 1
 
3028 3028 1
1396 1396 1
3884 3884 1
3660 3660 1
1614 1614 1
2266 2266 1
2287 2287 1
2371 2371 1
2547 2547 1
2390 2390 1
1697 1697 1
1928 1928 1
2564 2564 1
2630 2630 1
2338 2338 1
1810 1810 1
2133 2133 1
1820 1820 1
1968 1968 1
1177 1177 1
1738 1738 1
1717 1717 1
2199 2199 1
1937 1937 1
2150 2150 1
 
2807 2807 1
1463 1463 1
3281 3282 0
2692 2692 1
2700 2700 1
2233 2233 1
2219 2219 1
2138 2138 1
2981 2981 1
3204 3204 1
2791 2791 1
2423 2423 1
2757 2757 1
3138 3138 1
2135 2135 1
2361 2361 1
1886 1886 1
2644 2644 1
1464 1464 1
2518 2518 1
2589 2589 1
2364 2364 1
2892 2892 1
2996 2996 1
1829 1829 1
 
2731 2731 1
3055 3055 1
5440 5440 1
1873 1873 1
2991 2991 1
3328 3328 1
3780 3780 1
4696 4698 0
2665 2665 1
4012 4012 1
3256 3256 1
2572 2572 1
2691 2691 1
3753 3754 0
3610 3610 1
2642 2642 1
3401 3402 0
2701 2701 1
2761 2761 1
4108 4108 1
2807 2809 0
4007 4007 1
2990 2990 1
2937 2937 1
3078 3078 1
 
2681 2681 1
3891 3894 0
5962 5966 0
2626 2628 0
2665 2666 0
3795 3809 0
3562 3564 0
3121 3122 0
3488 3488 1
3266 3266 1
3016 3017 0
5231 5232 0
5021 5028 0
3272 3275 0
3668 3668 1
4436 4439 0
3318 3318 1
3074 3074 1
5734 5734 1
3414 3414 1
3469 3469 1
3562 3562 1
3170 3170 1
2832 2832 1
2499 2499 1
 
3953 3955 0
3324 3325 0
3340 3344 0
2741 2741 1
4305 4305 1
6445 6446 0
4303 4329 0
3477 3477 1
3852 3854 0
4803 4806 0
3056 3060 0
3153 3153 1
4625 4627 0
5244 5264 0
5380 5416 0
4547 4586 0
3628 3628 1
5774 5774 1
4008 4009 0
3971 3972 0
4166 4168 0
3895 3896 0
4680 4687 0
4510 4512 0
3487 3487 1
 
4002 4142 0
3917 3973 0
3325 3586 0
4943 5413 0
3083 3360 0
3561 3746 0
3200 3326 0
3723 3855 0
5585 6015 0
4149 4166 0
4160 4441 0
4075 4548 0
4032 4407 0
3839 3988 0
3579 3738 0
4311 4582 0
4356 4539 0
4452 4787 0
6544 7001 0
4352 4640 0
3126 3268 0
4213 4470 0
3855 4109 0
3835 4001 0
4467 4675 0
 
396 5342 0
512 5089 0
306 4652 0
300 4365 0
356 4092 0
371 4469 0
432 4798 0
410 4345 0
310 3607 0
437 4466 0
460 4882 0
279 3273 0
350 4297 0
357 4638 0
420 5784 0
351 4998 0
381 4813 0
306 3605 0
353 3599 0
450 4546 0
364 4243 0
303 3965 0
424 4640 0
446 5750 0
278 4027 0
 
235 3377 0
244 3650 0
191 3316 0
136 3197 0
269 3856 0
203 3452 0
177 2838 0
219 3377 0
238 4089 0
255 3193 0
305 4149 0
249 3966 0
220 3869 0
203 3666 0
219 3341 0
234 3443 0
224 3603 0
162 3113 0
252 3435 0
194 3133 0
195 3623 0
273 3726 0
279 3353 0
208 3560 0
220 3811 0
 
===
