3826 3826 1
2945 2945 1
3431 3431 1
3494 3494 1
1903 1903 1
2756 2756 1
2885 2885 1
3115 3115 1
5219 5219 1
4411 4411 1
3944 3944 1
4095 4095 1
3670 3670 1
3716 3716 1
2893 2893 1
3804 3804 1
3967 3967 1
4258 4258 1
2700 2700 1
3793 3793 1
3874 3874 1
3839 3839 1
2132 2132 1
3029 3029 1
4995 4995 1
 
===
2732 2732 1
3961 3962 0
6044 6047 0
2649 2649 1
2702 2702 1
3859 3866 0
3592 3592 1
3149 3149 1
3518 3518 1
3318 3320 0
3066 3066 1
5283 5286 0
4746 4748 0
3307 3308 0
3727 3727 1
4462 4466 0
3348 3348 1
3100 3100 1
5798 5799 0
3444 3445 0
3500 3500 1
3587 3587 1
3199 3199 1
2857 2857 1
2522 2522 1
 
===
3451 3451 1
2814 2814 1
3304 3305 0
5384 5386 0
4490 4498 0
3896 3905 0
2700 2703 0
3860 3860 1
3446 3446 1
3659 3659 1
3158 3158 1
3038 3038 1
3942 3951 0
3284 3300 0
4172 4172 1
3540 3540 1
3733 3733 1
3566 3566 1
3081 3081 1
3844 3844 1
3582 3582 1
3580 3581 0
3820 3820 1
5546 5558 0
4316 4317 0
 
===
4030 4032 0
3363 3363 1
3395 3397 0
2805 2805 1
3744 3746 0
5311 5312 0
3847 3858 0
3434 3434 1
3773 3775 0
4783 4784 0
3030 3036 0
3129 3129 1
4594 4595 0
5252 5276 0
5355 5366 0
4208 4229 0
3630 3630 1
5755 5756 0
3996 3996 1
3986 3988 0
4157 4158 0
3880 3881 0
4673 4680 0
4496 4498 0
3475 3475 1
 
===
4409 4428 0
3883 3883 1
3619 3619 1
3465 3465 1
4886 4886 1
4561 4571 0
5917 5919 0
4828 4828 1
3048 3048 1
4144 4156 0
4755 4757 0
4313 4320 0
3863 3863 1
4663 4666 0
3480 3480 1
3893 3894 0
4390 4403 0
4980 4982 0
5304 5304 1
4248 4248 1
5799 5799 1
4176 4182 0
4136 4136 1
4953 4957 0
5173 5189 0
 
===
4165 4169 0
3966 3969 0
3614 3624 0
5441 5442 0
3361 3380 0
3750 3769 0
3331 3337 0
3862 3872 0
6029 6048 0
4154 4154 1
4446 4449 0
4533 4551 0
4420 4428 0
4197 4203 0
3734 3736 0
4556 4560 0
4530 4540 0
4768 4769 0
5955 5972 0
4690 4708 0
3300 3302 0
4501 4505 0
4139 4152 0
4049 4059 0
4732 4735 0
 
===
473 5600 0
578 5832 0
396 5248 0
378 4583 0
388 4181 0
372 4634 0
475 4965 0
428 4493 0
336 3700 0
452 4601 0
513 5076 0
322 3346 0
394 4464 0
393 4729 0
432 5948 0
390 5084 0
445 4942 0
318 3681 0
368 3655 0
479 4687 0
430 4351 0
348 4052 0
445 4738 0
514 5970 0
307 4050 0
 
===
