2722 2722 1
3990 3990 1
6098 6098 1
2652 2652 1
2680 2680 1
3876 3876 1
3602 3602 1
3460 3460 1
3533 3533 1
3345 3345 1
3057 3057 1
5292 5292 1
4748 4748 1
3300 3300 1
3714 3714 1
4470 4470 1
3369 3369 1
3121 3121 1
5781 5781 1
3436 3436 1
3541 3541 1
3594 3594 1
3195 3195 1
2875 2875 1
2523 2523 1
 
===
3449 3449 1
2847 2847 1
3294 3294 1
5326 5326 1
4469 4469 1
3897 3897 1
2695 2695 1
3883 3883 1
3432 3432 1
3716 3716 1
3151 3151 1
3053 3053 1
3959 3959 1
3279 3279 1
4168 4168 1
3571 3571 1
3730 3730 1
3566 3566 1
3072 3072 1
3846 3846 1
3616 3616 1
3598 3598 1
3800 3800 1
5845 5845 1
4310 4310 1
 
===
4043 4043 1
3364 3364 1
3390 3396 0
2786 2786 1
3757 3757 1
5308 5308 1
3831 3831 1
3459 3459 1
3782 3789 0
4731 4732 0
3046 3051 0
3133 3134 0
4591 4591 1
5273 5274 0
5401 5401 1
4218 4218 1
3633 3633 1
5750 5750 1
3998 3998 1
3995 3995 1
4161 4162 0
3866 3872 0
4680 4680 1
4573 4573 1
3463 3463 1
 
===
4452 4452 1
3880 3891 0
3577 3583 0
3498 3500 0
4896 4897 0
4601 4603 0
5934 5934 1
4834 4834 1
3039 3045 0
4130 4140 0
4753 4753 1
4325 4325 1
3847 3847 1
4632 4648 0
3483 3483 1
3885 3893 0
4393 4393 1
4979 4980 0
5276 5276 1
4265 4265 1
5750 5750 1
4469 4488 0
4144 4150 0
4804 4804 1
5177 5177 1
 
===
1057 4161 0
881 3973 0
672 3584 0
1096 5423 0
693 3357 0
826 3751 0
572 3311 0
926 3849 0
1078 5988 0
866 4140 0
854 4447 0
885 4554 0
967 4406 0
726 4187 0
835 3733 0
829 4540 0
980 4529 0
841 4762 0
1132 5943 0
840 4682 0
600 3298 0
781 4517 0
997 4136 0
1088 4189 0
1092 4725 0
 
===
314 4666 0
399 4493 0
265 4234 0
266 3981 0
280 3786 0
279 4000 0
345 4411 0
325 4119 0
239 3496 0
346 3912 0
339 4478 0
230 3017 0
278 3763 0
305 4452 0
336 5007 0
288 4624 0
319 4250 0
238 3420 0
271 3435 0
347 4006 0
296 3910 0
252 3725 0
311 4381 0
370 4927 0
240 4086 0
 
===
