870 870 1
937 937 1
1120 1120 1
813 813 1
1213 1213 1
648 648 1
1844 1844 1
772 772 1
1692 1692 1
971 971 1
983 983 1
982 982 1
1811 1811 1
1577 1577 1
676 676 1
850 850 1
982 982 1
650 650 1
1055 1055 1
847 847 1
1037 1037 1
1069 1069 1
1073 1073 1
828 828 1
561 561 1
 
4172 4172 1
4201 4201 1
3405 3405 1
4393 4393 1
4135 4135 1
2564 2564 1
3274 3274 1
3629 3629 1
5983 5983 1
2496 2496 1
2776 2776 1
3379 3379 1
2967 2967 1
4806 4806 1
2308 2308 1
2294 2294 1
3587 3587 1
3762 3762 1
4910 4910 1
3731 3731 1
3004 3004 1
3050 3050 1
2586 2586 1
2553 2553 1
5318 5318 1
 
4572 4572 1
5173 5173 1
4180 4180 1
7353 7353 1
4901 4901 1
4268 4268 1
5939 5939 1
5937 5937 1
4757 4757 1
4215 4215 1
3725 3725 1
4317 4317 1
6610 6610 1
5688 5688 1
5271 5271 1
5453 5453 1
4975 4975 1
5162 5162 1
6263 6263 1
5204 5204 1
3989 3989 1
6067 6067 1
4992 4992 1
4627 4627 1
5088 5088 1
 
6729 6729 1
6174 6174 1
7163 7163 1
6268 6268 1
7438 7438 1
8307 8307 1
6761 6761 1
10490 10490 1
9193 9193 1
9671 9671 1
6783 6783 1
6335 6335 1
6742 6742 1
7311 7311 1
4673 4673 1
6997 6997 1
9205 9205 1
6740 6740 1
7648 7648 1
8192 8192 1
8136 8136 1
8541 8541 1
9553 9553 1
5629 5629 1
7780 7780 1
 
9921 9921 1
8602 8602 1
8335 8335 1
10222 10222 1
9001 9001 1
8254 8254 1
7687 7687 1
9937 9937 1
8148 8148 1
11159 11159 1
11539 11539 1
9778 9778 1
12272 12272 1
15424 15424 1
10711 10711 1
10039 10039 1
9604 9604 1
9192 9192 1
11073 11073 1
10627 10627 1
8589 8589 1
8650 8650 1
8878 8878 1
8505 8505 1
9096 9096 1
 
14801 14801 1
16623 16623 1
12608 12608 1
12535 12535 1
11205 11205 1
13713 13713 1
10449 10449 1
14566 14566 1
10251 10251 1
10921 10921 1
15190 15190 1
15137 15137 1
10287 10287 1
13646 13646 1
10972 10972 1
12457 12457 1
10972 10972 1
10882 10882 1
11951 11951 1
9245 9245 1
13259 13259 1
9648 9648 1
12735 12735 1
10318 10318 1
11591 11591 1
 
13752 13752 1
14447 14447 1
14357 14357 1
14317 14317 1
13755 13755 1
12318 12318 1
13447 13447 1
13470 13470 1
11586 11586 1
14196 14196 1
17716 17716 1
12110 12110 1
15106 15107 0
17266 17266 1
14517 14518 0
32077 32077 1
14446 14446 1
15574 15574 1
11225 11225 1
15940 15940 1
14882 14882 1
15045 15045 1
12395 12395 1
15735 15735 1
12373 12373 1
 
16562 16562 1
20231 20231 1
17597 17597 1
14871 14871 1
16014 16014 1
15508 15508 1
13933 13933 1
16690 16690 1
17117 17117 1
15028 15028 1
18119 18119 1
17293 17293 1
16657 16657 1
14315 14315 1
12295 12295 1
13662 13662 1
15540 15540 1
15837 15837 1
15232 15232 1
13222 13222 1
17792 17792 1
13670 13670 1
18333 18333 1
14405 14405 1
12710 12710 1
 
24624 24624 1
18075 18076 0
17890 17890 1
14768 14768 1
17621 17622 0
15210 15210 1
31416 31416 1
18365 18365 1
16955 16955 1
22878 22878 1
17400 17400 1
24644 24644 1
18683 18683 1
20510 20510 1
18200 18200 1
24102 24105 0
20697 20697 1
17157 17157 1
19110 19110 1
21595 21595 1
17351 17351 1
18532 18532 1
18801 18801 1
19030 19030 1
18197 18197 1
 
18924 18924 1
20671 20671 1
17168 17168 1
20456 20457 0
16141 16141 1
22594 22595 0
19303 19303 1
19842 19842 1
20891 20891 1
19648 19651 0
21263 21263 1
22272 22273 0
23361 23364 0
21261 21263 0
49322 49322 1
22118 22118 1
19243 19243 1
18509 18509 1
22242 22243 0
24334 24334 1
21654 21654 1
24526 24527 0
25961 25963 0
17897 17898 0
19864 19864 1
 
15816 22234 0
18427 22483 0
16718 20526 0
12111 21767 0
12951 27037 0
15378 19924 0
15102 20742 0
11499 25875 0
14354 23719 0
13045 22429 0
14500 21319 0
11782 20280 0
16768 23722 0
14867 25251 0
16773 20935 0
13796 21697 0
12507 21274 0
9490 26550 0
15370 18051 0
17196 29063 0
13359 24279 0
16729 25338 0
15362 23504 0
16288 22596 0
13030 27426 0
 
1981 18577 0
2256 19860 0
2342 20441 0
2056 18655 0
2568 23733 0
2327 22008 0
2309 22037 0
2318 21986 0
2123 20046 0
2512 23211 0
2030 18277 0
2470 22424 0
2060 19725 0
2429 22558 0
2078 19756 0
2202 19975 0
1989 18574 0
1994 19635 0
2184 19535 0
2256 22531 0
2411 21557 0
3639 35537 0
2388 21618 0
2613 23209 0
2402 24927 0
 
1304 16476 0
1185 16773 0
1413 17374 0
1621 18850 0
1221 16629 0
1351 16164 0
1204 16197 0
1316 17070 0
1362 17037 0
1222 15276 0
1528 18366 0
1340 17794 0
1258 16823 0
1342 16465 0
1498 17240 0
1386 18382 0
1289 16433 0
1406 17340 0
1275 16843 0
1294 16687 0
1195 16319 0
1485 18851 0
2135 27189 0
1282 15810 0
1466 18876 0
 
===
