869 869 1
939 939 1
1117 1117 1
812 812 1
1211 1211 1
650 650 1
1844 1844 1
773 773 1
1686 1686 1
965 965 1
984 984 1
985 985 1
1808 1808 1
1584 1584 1
677 677 1
850 850 1
987 987 1
650 650 1
1055 1055 1
846 846 1
1033 1033 1
1069 1069 1
1071 1071 1
833 833 1
561 561 1
 
4172 4172 1
4197 4197 1
3420 3420 1
4189 4189 1
4124 4124 1
2551 2551 1
3269 3269 1
3625 3625 1
5977 5977 1
2505 2505 1
2778 2778 1
3398 3398 1
2950 2950 1
4837 4837 1
2304 2304 1
2294 2294 1
3595 3595 1
3764 3764 1
4921 4921 1
3733 3733 1
2999 2999 1
3040 3040 1
2587 2587 1
2558 2558 1
5348 5348 1
 
4581 4581 1
5180 5180 1
4173 4173 1
7385 7385 1
4902 4902 1
4268 4268 1
5940 5940 1
5941 5941 1
4764 4764 1
4212 4212 1
3721 3721 1
4314 4314 1
6605 6605 1
5681 5681 1
5269 5269 1
5459 5459 1
4971 4971 1
5157 5157 1
6243 6243 1
5201 5201 1
3988 3988 1
6064 6064 1
4991 4991 1
4625 4625 1
5081 5081 1
 
6724 6724 1
6180 6180 1
7157 7157 1
6262 6262 1
7439 7439 1
8306 8306 1
6762 6762 1
10499 10499 1
9194 9194 1
9680 9680 1
6784 6784 1
6334 6334 1
6737 6737 1
7293 7293 1
4668 4668 1
7010 7010 1
9183 9183 1
6739 6739 1
7655 7655 1
8202 8202 1
8135 8135 1
8537 8537 1
9546 9546 1
5624 5624 1
7787 7787 1
 
9924 9924 1
8593 8593 1
8341 8341 1
10210 10210 1
9015 9015 1
8254 8254 1
7684 7684 1
9921 9921 1
8150 8150 1
11150 11150 1
11540 11540 1
9783 9783 1
12371 12371 1
14794 14794 1
11425 11425 1
10011 10011 1
9569 9569 1
9305 9305 1
11070 11070 1
10611 10611 1
8605 8605 1
9485 9485 1
8862 8862 1
8575 8575 1
9133 9133 1
 
12552 12552 1
16667 16667 1
12684 12684 1
12536 12536 1
11241 11241 1
13667 13667 1
10449 10449 1
14559 14559 1
10277 10277 1
10924 10924 1
15202 15202 1
15872 15872 1
10289 10289 1
12989 12989 1
10968 10968 1
12482 12482 1
10974 10974 1
10887 10887 1
11913 11913 1
9251 9251 1
13271 13271 1
9663 9663 1
12722 12722 1
10318 10318 1
11574 11574 1
 
13756 13756 1
14026 14026 1
14345 14345 1
14327 14327 1
13783 13783 1
12321 12321 1
13441 13441 1
13473 13473 1
11574 11574 1
14219 14219 1
17702 17702 1
12272 12272 1
15088 15088 1
17253 17253 1
14526 14526 1
25685 25685 1
13461 13461 1
15109 15109 1
11239 11239 1
15988 15988 1
13520 13520 1
15045 15045 1
12534 12534 1
15630 15630 1
12316 12316 1
 
16169 16169 1
20036 20036 1
17524 17524 1
14854 14854 1
16032 16032 1
15518 15518 1
13950 13950 1
16704 16704 1
16399 16399 1
15010 15010 1
18105 18105 1
17291 17291 1
16668 16668 1
14337 14337 1
12313 12313 1
13656 13656 1
15585 15585 1
15859 15859 1
15245 15245 1
12783 12783 1
17800 17800 1
13677 13677 1
18304 18304 1
14388 14388 1
12710 12710 1
 
24594 24594 1
18067 18067 1
17903 17903 1
14761 14761 1
17629 17629 1
15200 15200 1
30520 30520 1
18042 18042 1
20993 20993 1
23995 23995 1
17422 17422 1
21945 21945 1
18699 18699 1
20638 20638 1
18254 18254 1
23995 23995 1
18558 18558 1
17148 17148 1
19122 19122 1
21678 21678 1
17284 17284 1
18614 18614 1
18801 18801 1
19035 19035 1
18264 18264 1
 
18921 18921 1
20642 20642 1
17205 17205 1
20475 20475 1
16156 16156 1
22632 22632 1
19298 19298 1
19863 19863 1
20949 20949 1
19644 19644 1
21291 21291 1
22291 22291 1
23367 23367 1
21248 21248 1
22191 22191 1
23547 23547 1
19490 19490 1
19082 19082 1
22039 22039 1
24232 24232 1
20011 20011 1
24807 24807 1
23513 23513 1
18067 18067 1
19868 19868 1
 
22311 22311 1
22435 22435 1
20508 20508 1
21743 21743 1
27117 27117 1
19895 19895 1
20781 20781 1
25881 25881 1
23756 23756 1
22399 22400 0
21344 21344 1
20332 20332 1
24081 24081 1
25233 25233 1
20972 20972 1
21702 21702 1
21265 21265 1
26548 26548 1
18020 18020 1
45892 45892 1
24478 24478 1
31064 31064 1
23802 23802 1
22798 22798 1
25932 25932 1
 
5016 20335 0
5280 22387 0
4819 23079 0
4298 21578 0
4760 27927 0
4660 25903 0
5031 25663 0
4187 26243 0
3991 22775 0
5100 28429 0
4573 20266 0
5116 24387 0
4189 22748 0
5079 25793 0
4412 22492 0
4642 20919 0
4412 20110 0
5044 21543 0
4897 21517 0
4934 27428 0
4721 24713 0
3881 19827 0
5843 26912 0
5602 27921 0
5481 28803 0
 
1851 21167 0
1780 19501 0
2144 22403 0
2165 21679 0
1794 20212 0
1851 19481 0
1932 19974 0
1882 19716 0
1735 19968 0
1622 17542 0
2110 22093 0
1742 20974 0
1753 19354 0
1951 19940 0
2045 20169 0
1934 21407 0
1816 19631 0
1886 20015 0
1720 20278 0
1813 19280 0
1642 19311 0
1941 21995 0
1721 20153 0
3239 33148 0
2046 22580 0
 
===
