2721 2721 1
3927 3928 0
6055 6056 0
2654 2654 1
2695 2695 1
3862 3878 0
3604 3604 1
3160 3161 0
3536 3536 1
3311 3311 1
3040 3041 0
5281 5282 0
4737 4743 0
3305 3306 0
3698 3698 1
4485 4489 0
3370 3370 1
3111 3111 1
5798 5800 0
3454 3457 0
3508 3508 1
3585 3585 1
3202 3202 1
2858 2858 1
2517 2517 1
 
2706 2706 1
3933 3936 0
6049 6052 0
2656 2659 0
2683 2683 1
3850 3863 0
3584 3584 1
3143 3143 1
3509 3509 1
3307 3307 1
3046 3046 1
5239 5243 0
4682 4686 0
3279 3283 0
3674 3674 1
4439 4443 0
3319 3319 1
3072 3072 1
5731 5731 1
3414 3414 1
3473 3473 1
3556 3556 1
3176 3176 1
2834 2834 1
2499 2499 1
 
2683 2683 1
3901 3903 0
5958 5966 0
2627 2628 0
2665 2667 0
3803 3811 0
3559 3559 1
3122 3122 1
3480 3480 1
3260 3260 1
3018 3018 1
5225 5229 0
4674 4679 0
3273 3277 0
3670 3670 1
4441 4444 0
3317 3317 1
3074 3074 1
5721 5724 0
3409 3412 0
3480 3481 0
3549 3549 1
3170 3170 1
2836 2836 1
2512 2512 1
 
2681 2681 1
3892 3893 0
5959 5966 0
2627 2628 0
2668 2668 1
3804 3811 0
3559 3561 0
3123 3123 1
3484 3484 1
3257 3258 0
3016 3016 1
5226 5231 0
4672 4678 0
3273 3277 0
3666 3666 1
4433 4437 0
3320 3320 1
3074 3074 1
5731 5731 1
3415 3418 0
3469 3469 1
3553 3553 1
3168 3168 1
2834 2834 1
2497 2497 1
 
2685 2685 1
3898 3899 0
5971 5973 0
2629 2630 0
2665 2665 1
3803 3813 0
3566 3566 1
3123 3123 1
3484 3484 1
3262 3262 1
3015 3016 0
5228 5231 0
4675 4677 0
3275 3278 0
3675 3675 1
4434 4440 0
3319 3319 1
3073 3073 1
5727 5727 1
3410 3413 0
3474 3474 1
3550 3550 1
3171 3171 1
2832 2832 1
2502 2502 1
 
2685 2685 1
3888 3890 0
5967 5969 0
2626 2627 0
2668 2669 0
3800 3811 0
3563 3563 1
3125 3125 1
3482 3482 1
3262 3262 1
3014 3014 1
5228 5230 0
4676 4681 0
3799 3802 0
4248 4248 1
5100 5106 0
3424 3424 1
3110 3110 1
6496 6497 0
3464 3465 0
3517 3517 1
3611 3611 1
3232 3232 1
2859 2859 1
2527 2527 1
 
2718 2718 1
3923 3925 0
6025 6028 0
2657 2657 1
2695 2695 1
4072 4088 0
3608 3609 0
3144 3144 1
3538 3538 1
3301 3301 1
3036 3036 1
5279 5281 0
4711 4716 0
3304 3306 0
3718 3718 1
4463 4470 0
3345 3345 1
3099 3099 1
5786 5787 0
3438 3441 0
3501 3502 0
3597 3597 1
3193 3193 1
2865 2865 1
2523 2523 1
 
2708 2708 1
3915 3919 0
6012 6021 0
2642 2642 1
2680 2683 0
3820 3833 0
3598 3598 1
3126 3126 1
3482 3482 1
3266 3266 1
3019 3020 0
5227 5230 0
4679 4682 0
3280 3282 0
3670 3670 1
4441 4444 0
3321 3321 1
3073 3073 1
5737 5737 1
3408 3411 0
3469 3469 1
3555 3555 1
3170 3170 1
2837 2837 1
2503 2503 1
 
2685 2685 1
3899 3899 1
5972 5974 0
2627 2628 0
2671 2672 0
3798 3813 0
3556 3558 0
3124 3124 1
3487 3487 1
3259 3259 1
3023 3023 1
5228 5230 0
4667 4675 0
3274 3276 0
3668 3668 1
4442 4443 0
3319 3319 1
3082 3082 1
5729 5731 0
3418 3419 0
3471 3471 1
3548 3548 1
3174 3174 1
2831 2831 1
2501 2501 1
 
2683 2683 1
3889 3891 0
5966 5968 0
2626 2627 0
2663 2665 0
3800 3811 0
3560 3560 1
3122 3122 1
3484 3484 1
3257 3257 1
3015 3016 0
5226 5230 0
4675 4676 0
3272 3277 0
3681 3681 1
4440 4442 0
3316 3317 0
3075 3075 1
5731 5732 0
3413 3415 0
3481 3481 1
3552 3552 1
3170 3170 1
2831 2831 1
2505 2505 1
 
2682 2682 1
3890 3893 0
5965 5968 0
2627 2627 1
2666 2666 1
3798 3808 0
3558 3559 0
3124 3124 1
3483 3483 1
3262 3262 1
3015 3016 0
5231 5232 0
4676 4680 0
3276 3278 0
3669 3669 1
4439 4444 0
3319 3319 1
3072 3072 1
5729 5731 0
3411 3413 0
3473 3475 0
3891 3891 1
3170 3170 1
2836 2836 1
2501 2501 1
 
2686 2686 1
3888 3894 0
5966 5968 0
2628 2628 1
2666 2667 0
3807 3816 0
3558 3559 0
3125 3125 1
3482 3482 1
3998 3998 1
3472 3473 0
6082 6084 0
4746 4751 0
3366 3366 1
3751 3751 1
4517 4521 0
3379 3379 1
3140 3140 1
5805 5805 1
3476 3479 0
3528 3528 1
3617 3617 1
3234 3234 1
2864 2864 1
2538 2538 1
 
2715 2715 1
3948 3949 0
6036 6040 0
2665 2665 1
2678 2679 0
3835 3848 0
3589 3589 1
3144 3144 1
3521 3521 1
3288 3288 1
3054 3054 1
5272 5276 0
4739 4742 0
3300 3304 0
3716 3716 1
4509 4510 0
3350 3351 0
3104 3104 1
5785 5785 1
3460 3463 0
3509 3509 1
3583 3583 1
3204 3204 1
2848 2848 1
2518 2518 1
 
2709 2709 1
3921 3921 1
6027 6028 0
2629 2629 1
2672 2672 1
3810 3820 0
3568 3569 0
3120 3120 1
3480 3480 1
3259 3259 1
3016 3016 1
5236 5236 1
4675 4678 0
3279 3280 0
3673 3673 1
4437 4440 0
3317 3317 1
3076 3076 1
5741 5745 0
3415 3415 1
3483 3483 1
3563 3563 1
3170 3170 1
2835 2835 1
2501 2501 1
 
2686 2686 1
3893 3893 1
5968 5977 0
2627 2627 1
2664 2665 0
3802 3809 0
3552 3556 0
3121 3121 1
3486 3486 1
3261 3261 1
3017 3017 1
5225 5230 0
4672 4678 0
3273 3276 0
3672 3672 1
4439 4445 0
3319 3319 1
3075 3075 1
5728 5728 1
3412 3414 0
3473 3473 1
3554 3554 1
3484 3484 1
2831 2831 1
2504 2504 1
 
2685 2685 1
3890 3894 0
5973 5977 0
2628 2629 0
2667 2667 1
3811 3818 0
3559 3559 1
3120 3120 1
3486 3486 1
3260 3260 1
3022 3023 0
5232 5232 1
4670 4677 0
3275 3278 0
3668 3668 1
4442 4448 0
3318 3318 1
3074 3074 1
5730 5732 0
3420 3421 0
3472 3472 1
3558 3558 1
3170 3170 1
2832 2832 1
2498 2498 1
 
2682 2682 1
3892 3893 0
5968 5968 1
2629 2629 1
2666 2668 0
3800 3814 0
3556 3556 1
3120 3120 1
3482 3482 1
3260 3260 1
3018 3019 0
5232 5232 1
4672 4678 0
3274 3276 0
3670 3670 1
4440 4446 0
3319 3319 1
3078 3078 1
5723 5726 0
3408 3410 0
3471 3471 1
3551 3551 1
3170 3170 1
2832 2832 1
2497 2497 1
 
2683 2683 1
3891 3892 0
5966 5969 0
2626 2626 1
2667 2668 0
5633 5640 0
4146 4146 1
3765 3765 1
3921 3921 1
3351 3351 1
3087 3088 0
5303 5308 0
4729 4732 0
3300 3301 0
3732 3732 1
4488 4491 0
3379 3380 0
3106 3106 1
5795 5795 1
3459 3460 0
3510 3510 1
3582 3582 1
3214 3214 1
2856 2856 1
2536 2536 1
 
2721 2721 1
3941 3941 1
6029 6031 0
2657 2657 1
2697 2699 0
3831 3847 0
3592 3592 1
3153 3154 0
3523 3523 1
3450 3450 1
3222 3222 1
5291 5294 0
4736 4739 0
3308 3313 0
3709 3709 1
4475 4477 0
3608 3608 1
3104 3104 1
5797 5802 0
3431 3433 0
3498 3498 1
3594 3594 1
3197 3197 1
2850 2850 1
2501 2501 1
 
2683 2683 1
3898 3899 0
5967 5969 0
2640 2642 0
2667 2668 0
3803 3814 0
3565 3565 1
3121 3121 1
3481 3481 1
3263 3263 1
3016 3016 1
5223 5228 0
4671 4679 0
3274 3277 0
3672 3672 1
4441 4442 0
3317 3317 1
3075 3076 0
5731 5731 1
3414 3416 0
3475 3475 1
3553 3553 1
3180 3180 1
2834 2834 1
2499 2499 1
 
2691 2691 1
3890 3893 0
5969 5970 0
2630 2630 1
2665 2666 0
3800 3812 0
3556 3557 0
3127 3127 1
3486 3486 1
3257 3257 1
3020 3020 1
5226 5229 0
4670 4677 0
3274 3276 0
3669 3669 1
4440 4441 0
3317 3317 1
3076 3076 1
5730 5731 0
3414 3415 0
3470 3470 1
3547 3547 1
3176 3176 1
2829 2829 1
2499 2499 1
 
2687 2687 1
3893 3893 1
5965 5967 0
2626 2626 1
2667 2668 0
3801 3815 0
3563 3563 1
3121 3121 1
3483 3483 1
3262 3262 1
3017 3018 0
5228 5230 0
4672 4680 0
3270 3275 0
3669 3669 1
4433 4440 0
3320 3320 1
3072 3073 0
5721 5724 0
3417 3421 0
3469 3469 1
3552 3552 1
3173 3173 1
2831 2831 1
2507 2507 1
 
2686 2686 1
3889 3890 0
5964 5966 0
2633 2634 0
2665 2667 0
3793 3813 0
3557 3557 1
3118 3119 0
3483 3483 1
3259 3259 1
3020 3020 1
5229 5231 0
4672 4676 0
3271 3278 0
3672 3672 1
4435 4440 0
3317 3317 1
3071 3071 1
5728 5729 0
3408 3411 0
3472 3472 1
3552 3552 1
3486 3486 1
2833 2833 1
2502 2502 1
 
2680 2680 1
4568 4570 0
7167 7170 0
3032 3034 0
2856 2856 1
3836 3852 0
3643 3643 1
3173 3173 1
3567 3567 1
3786 3786 1
3063 3064 0
5315 5317 0
4739 4744 0
3303 3307 0
3725 3725 1
4480 4483 0
3353 3354 0
3124 3124 1
5776 5777 0
3451 3454 0
3503 3504 0
3606 3606 1
3208 3208 1
2873 2873 1
2527 2527 1
 
2714 2714 1
3941 3944 0
6045 6047 0
2647 2649 0
2684 2685 0
3833 3844 0
3585 3586 0
3164 3164 1
3520 3520 1
3296 3296 1
3045 3046 0
5288 5290 0
4733 4739 0
3304 3304 1
3714 3714 1
4484 4486 0
3353 3353 1
3109 3109 1
5785 5786 0
3427 3433 0
3471 3471 1
3551 3551 1
3174 3174 1
2838 2838 1
2501 2501 1
 
2681 2681 1
3894 3895 0
5967 5972 0
2626 2626 1
2664 2667 0
3796 3811 0
3563 3564 0
3123 3123 1
3484 3484 1
3260 3260 1
3016 3017 0
5227 5228 0
4668 4676 0
3276 3279 0
3672 3672 1
4433 4437 0
3316 3318 0
3074 3074 1
5726 5726 1
3414 3415 0
3472 3472 1
3552 3552 1
3176 3176 1
2840 2840 1
2499 2499 1
 
2682 2682 1
3902 3902 1
5963 5970 0
2627 2629 0
2667 2667 1
3805 3812 0
3558 3559 0
3119 3119 1
3490 3490 1
3259 3259 1
3014 3015 0
5228 5228 1
4669 4673 0
3276 3277 0
3672 3672 1
4434 4437 0
3317 3317 1
3074 3074 1
5724 5727 0
3414 3415 0
3474 3474 1
3550 3550 1
3169 3169 1
2833 2833 1
2502 2502 1
 
2680 2680 1
3892 3893 0
5966 5968 0
2627 2628 0
2664 2665 0
3798 3811 0
3557 3561 0
3122 3122 1
3481 3481 1
3259 3259 1
3018 3019 0
5228 5229 0
4674 4676 0
3277 3279 0
3672 3672 1
4436 4441 0
3323 3323 1
3081 3081 1
5728 5730 0
3417 3419 0
3469 3469 1
3549 3549 1
3177 3177 1
2832 2832 1
2500 2500 1
 
2681 2681 1
3889 3890 0
5973 5975 0
2631 2631 1
2664 2664 1
3801 3811 0
3561 3562 0
3121 3121 1
3482 3482 1
3265 3265 1
3013 3014 0
5229 5232 0
4678 4683 0
3279 3280 0
3671 3671 1
4445 4446 0
3316 3316 1
3073 3073 1
5726 5727 0
3408 3412 0
3480 3480 1
3549 3549 1
3926 3926 1
3263 3263 1
2807 2807 1
 
2725 2725 1
3940 3940 1
6066 6069 0
3248 3248 1
2695 2695 1
3823 3837 0
3622 3622 1
3168 3168 1
3531 3531 1
3328 3328 1
3074 3074 1
5277 5278 0
4745 4748 0
3305 3307 0
3725 3725 1
4486 4493 0
3361 3361 1
3119 3119 1
5803 5804 0
3449 3452 0
3510 3510 1
3590 3590 1
3202 3202 1
2872 2872 1
2541 2541 1
 
2708 2708 1
3927 3929 0
6032 6035 0
2653 2654 0
2690 2690 1
3879 3893 0
3591 3592 0
3152 3152 1
3514 3514 1
3293 3293 1
3055 3056 0
5285 5289 0
4723 4732 0
3314 3317 0
3700 3700 1
4493 4494 0
3324 3325 0
3075 3076 0
5735 5737 0
3409 3412 0
3470 3470 1
3550 3550 1
3171 3171 1
2836 2836 1
2502 2502 1
 
2681 2681 1
3897 3900 0
5968 5971 0
2632 2632 1
2668 2671 0
3796 3810 0
3558 3559 0
3126 3126 1
3481 3481 1
3260 3260 1
3019 3019 1
5230 5235 0
4672 4677 0
3276 3278 0
3672 3672 1
4441 4443 0
3330 3330 1
3085 3085 1
5726 5729 0
3418 3419 0
3474 3474 1
3549 3549 1
3173 3173 1
2831 2831 1
2502 2502 1
 
2686 2686 1
3894 3894 1
5965 5974 0
2625 2626 0
2666 2668 0
3798 3809 0
3556 3556 1
3124 3124 1
3481 3481 1
3261 3261 1
3024 3024 1
5221 5226 0
4672 4674 0
3274 3276 0
3669 3669 1
4443 4445 0
3313 3315 0
3078 3078 1
5730 5730 1
3418 3420 0
3470 3470 1
3551 3551 1
3173 3173 1
2832 2832 1
2501 2501 1
 
2685 2685 1
3897 3897 1
5967 5969 0
2629 2630 0
2666 2666 1
3803 3812 0
3559 3561 0
3120 3120 1
3479 3479 1
3265 3265 1
3015 3015 1
5235 5236 0
4670 4677 0
3277 3277 1
3668 3668 1
4441 4444 0
3319 3319 1
3072 3073 0
5732 5733 0
3417 3419 0
3467 3468 0
3547 3547 1
3173 3173 1
2831 2831 1
2501 2501 1
 
2683 2683 1
3893 3893 1
5970 5975 0
2627 2627 1
2668 2668 1
3795 3814 0
3554 3555 0
3122 3122 1
3483 3483 1
3258 3259 0
3021 3021 1
5228 5231 0
4675 4678 0
3275 3276 0
3670 3670 1
4436 4437 0
3319 3319 1
3073 3073 1
6514 6515 0
3927 3930 0
3989 3989 1
3628 3628 1
3204 3204 1
2888 2888 1
2545 2545 1
 
2735 2735 1
3943 3945 0
6070 6073 0
2669 2670 0
2706 2708 0
3831 3841 0
3612 3612 1
3156 3156 1
3546 3546 1
3290 3290 1
3066 3066 1
5278 5280 0
4736 4738 0
3302 3308 0
4604 4604 1
4481 4483 0
3357 3358 0
3107 3107 1
5759 5759 1
3461 3462 0
3512 3512 1
3575 3575 1
3205 3205 1
2859 2859 1
2524 2524 1
 
2718 2718 1
3923 3923 1
6020 6024 0
2645 2647 0
2689 2689 1
3844 3850 0
3598 3598 1
3407 3407 1
3515 3515 1
3293 3293 1
3041 3042 0
5276 5280 0
4674 4679 0
3279 3282 0
3672 3672 1
4439 4441 0
3316 3316 1
3077 3077 1
5743 5744 0
3405 3411 0
3483 3483 1
3551 3551 1
3175 3175 1
2835 2835 1
2502 2502 1
 
2683 2684 0
3893 3895 0
5970 5973 0
2628 2628 1
2665 2666 0
3797 3810 0
3561 3563 0
3127 3127 1
3484 3484 1
3262 3262 1
3017 3017 1
5225 5228 0
4677 4680 0
3271 3275 0
3669 3669 1
4438 4440 0
3318 3318 1
3078 3078 1
5727 5727 1
3411 3417 0
3471 3471 1
3549 3549 1
3171 3171 1
2834 2834 1
2501 2501 1
 
2683 2683 1
3897 3897 1
5959 5965 0
2629 2629 1
2665 2666 0
3802 3813 0
3559 3559 1
3123 3123 1
3485 3485 1
3264 3264 1
3018 3019 0
5703 5706 0
4671 4679 0
3276 3279 0
3669 3669 1
4442 4444 0
3323 3323 1
3084 3084 1
5723 5726 0
3415 3418 0
3473 3473 1
3568 3568 1
3171 3171 1
2830 2830 1
2503 2503 1
 
2683 2683 1
3892 3894 0
5962 5967 0
2628 2631 0
2665 2667 0
3802 3815 0
3562 3562 1
3125 3125 1
3481 3481 1
3263 3263 1
3018 3019 0
5228 5231 0
4677 4678 0
3273 3277 0
3668 3668 1
4434 4440 0
3315 3315 1
3079 3079 1
5729 5729 1
3409 3414 0
3472 3473 0
3551 3551 1
3170 3170 1
2828 2828 1
2501 2501 1
 
===
