2724 2724 1
3952 3954 0
6059 6060 0
2647 2647 1
2695 2695 1
3866 3880 0
3617 3617 1
3164 3164 1
3527 3527 1
3317 3317 1
3064 3064 1
5289 5294 0
4732 4733 0
3311 3315 0
3728 3728 1
4480 4482 0
3362 3362 1
3112 3112 1
5782 5783 0
3442 3443 0
3510 3510 1
3608 3608 1
3200 3200 1
2858 2858 1
2510 2510 1
 
3439 3439 1
2792 2792 1
3291 3291 1
5271 5271 1
4456 4469 0
3883 3885 0
2696 2696 1
3861 3861 1
3437 3437 1
3648 3648 1
3140 3140 1
3039 3039 1
4939 4961 0
3229 3247 0
4141 4142 0
3506 3506 1
3672 3673 0
3535 3535 1
3032 3032 1
3803 3804 0
3556 3556 1
3551 3553 0
3780 3780 1
5485 5510 0
4250 4253 0
 
3951 3954 0
3324 3326 0
3350 3352 0
2737 2737 1
3695 3695 1
5215 5217 0
3777 3793 0
3386 3386 1
3733 3734 0
4679 4682 0
3004 3007 0
3115 3115 1
4552 4553 0
5176 5212 0
5306 5323 0
4151 4182 0
3585 3586 0
5698 5701 0
3977 3978 0
3931 3935 0
4107 4108 0
3854 3856 0
4624 4631 0
4458 4460 0
3442 3442 1
 
4285 4358 0
3835 3841 0
3533 3537 0
3408 3409 0
4814 4819 0
4476 4521 0
5820 5854 0
4766 4766 1
2983 2987 0
4015 4105 0
4678 4693 0
4226 4262 0
3799 3802 0
4582 4597 0
3436 3436 1
3836 3841 0
4287 4349 0
4908 4925 0
5215 5215 1
4185 4185 1
5695 5698 0
4123 4138 0
4096 4097 0
4730 4766 0
5060 5129 0
 
4035 4068 0
3889 3910 0
3509 3540 0
5298 5356 0
3257 3326 0
3658 3701 0
3257 3293 0
3773 3807 0
5861 5943 0
4096 4104 0
4350 4393 0
4428 4495 0
4316 4371 0
3905 3946 0
3666 3687 0
4476 4498 0
4434 4482 0
4658 4732 0
5837 5901 0
4561 4631 0
3255 3265 0
4443 4465 0
4027 4101 0
3951 3994 0
4629 4668 0
 
584 5909 0
638 5681 0
432 4707 0
457 4782 0
478 4263 0
557 5583 0
811 6735 0
554 4646 0
433 3820 0
594 5138 0
600 5498 0
379 3409 0
455 4777 0
502 4927 0
576 6427 0
473 5241 0
503 5241 0
421 4092 0
426 3821 0
589 4909 0
534 4605 0
410 4072 0
518 4786 0
669 6708 0
369 4081 0
 
253 3524 0
297 4275 0
226 3651 0
141 3391 0
294 4301 0
238 3711 0
211 2986 0
266 3651 0
266 4508 0
291 3441 0
355 4529 0
280 4331 0
264 4273 0
215 3830 0
249 3742 0
271 3603 0
248 3753 0
175 3210 0
338 3971 0
213 3262 0
219 3729 0
294 4014 0
322 3543 0
234 3780 0
245 4129 0
 
===
