3754 3754 1
2958 2958 1
3429 3429 1
3521 3521 1
1872 1872 1
2776 2776 1
2916 2916 1
3117 3117 1
5229 5229 1
4423 4423 1
3953 3953 1
4101 4101 1
3674 3674 1
3718 3718 1
2887 2887 1
3809 3809 1
3983 3983 1
4269 4269 1
2714 2714 1
3801 3801 1
3871 3871 1
3826 3826 1
2132 2132 1
3019 3019 1
5000 5000 1
 
===
2715 2715 1
3973 3973 1
6029 6029 1
2659 2659 1
2689 2689 1
3857 3857 1
3607 3607 1
3154 3154 1
3545 3545 1
3307 3307 1
3081 3081 1
5300 5300 1
4725 4725 1
3299 3299 1
3723 3723 1
4491 4491 1
3353 3353 1
3102 3102 1
5793 5793 1
3442 3442 1
3499 3499 1
3603 3603 1
3216 3216 1
2862 2862 1
2529 2529 1
 
===
3457 3457 1
2812 2812 1
3291 3291 1
5324 5324 1
4911 4911 1
3905 3905 1
2710 2710 1
3873 3873 1
3441 3441 1
3662 3662 1
3155 3155 1
3043 3043 1
3938 3938 1
3285 3285 1
4194 4194 1
3547 3547 1
4092 4092 1
3574 3574 1
3079 3079 1
3841 3841 1
3596 3596 1
3596 3596 1
3815 3815 1
5569 5569 1
4302 4302 1
 
===
4028 4028 1
3379 3379 1
3392 3398 0
2809 2809 1
3753 3753 1
5301 5301 1
3828 3828 1
3447 3447 1
3768 3786 0
4763 4763 1
3041 3050 0
3128 3129 0
4603 4603 1
5253 5255 0
5394 5394 1
4225 4225 1
3632 3632 1
5754 5754 1
4014 4014 1
3986 3987 0
4165 4166 0
3869 3876 0
4665 4665 1
4518 4519 0
3474 3474 1
 
===
4443 4443 1
3880 3880 1
3578 3578 1
3895 3895 1
4901 4901 1
4582 4582 1
5960 5960 1
4833 4833 1
3045 3045 1
4158 4158 1
4743 4743 1
4333 4333 1
3840 3840 1
4667 4667 1
3476 3476 1
3880 3880 1
4406 4406 1
4972 4972 1
5994 5994 1
4223 4223 1
5778 5778 1
4184 4184 1
4144 4144 1
4989 4989 1
5182 5182 1
 
===
974 4149 0
834 3991 0
702 3595 0
1054 5424 0
638 3361 0
804 3732 0
561 3322 0
800 3840 0
1067 6015 0
762 4140 0
682 4439 0
825 4549 0
909 4404 0
675 3981 0
778 3729 0
817 4539 0
965 4522 0
796 4755 0
939 5983 0
804 4671 0
572 3285 0
715 4514 0
1029 4130 0
1002 4046 0
967 4732 0
 
===
347 4754 0
440 4899 0
269 4254 0
268 4017 0
288 3810 0
296 4035 0
372 4448 0
334 4130 0
250 3516 0
351 3951 0
365 4510 0
236 3051 0
298 3792 0
350 5132 0
351 5091 0
290 4671 0
318 4243 0
246 3448 0
283 3420 0
353 4023 0
306 3929 0
258 3745 0
327 4407 0
379 4967 0
232 3826 0
 
===
