2718 2718 1
3954 3954 1
6065 6065 1
2657 2657 1
2684 2684 1
3864 3864 1
3583 3583 1
3143 3143 1
3525 3525 1
3310 3310 1
3061 3062 0
5336 5336 1
4761 4761 1
3312 3312 1
3698 3698 1
4484 4484 1
3360 3360 1
3098 3098 1
5777 5777 1
3453 3453 1
3502 3502 1
3579 3579 1
3204 3204 1
2849 2849 1
2531 2531 1
 
===
3456 3456 1
2814 2814 1
3304 3304 1
5340 5340 1
4459 4459 1
3936 3936 1
2697 2697 1
3868 3868 1
3447 3447 1
3682 3682 1
3146 3146 1
3032 3032 1
3947 3947 1
3282 3282 1
4178 4178 1
3547 3547 1
3700 3700 1
3570 3570 1
3093 3093 1
3846 3846 1
3596 3596 1
3593 3593 1
3802 3802 1
5895 5895 1
4295 4295 1
 
===
4037 4040 0
3367 3367 1
3458 3469 0
2811 2811 1
3762 3762 1
5284 5284 1
3833 3833 1
3438 3438 1
3758 3771 0
4785 4785 1
3025 3034 0
3139 3139 1
4592 4594 0
5264 5267 0
5456 5457 0
4223 4223 1
3631 3631 1
5803 5803 1
4002 4002 1
3987 3987 1
4153 4154 0
3863 3870 0
4675 4675 1
4515 4515 1
3470 3470 1
 
===
4450 4450 1
3871 3871 1
3585 3585 1
3449 3449 1
4886 4886 1
4564 4564 1
5941 5941 1
4857 4857 1
3044 3044 1
4183 4183 1
6318 6318 1
4316 4316 1
3861 3861 1
4645 4645 1
3482 3482 1
3880 3880 1
4396 4396 1
4990 4990 1
5288 5288 1
4241 4241 1
5754 5754 1
4187 4187 1
4154 4154 1
4969 4969 1
5163 5163 1
 
===
4146 4146 1
4004 4004 1
3616 3616 1
5398 5398 1
3361 3361 1
3787 3788 0
3360 3360 1
3869 3869 1
6021 6021 1
4157 4157 1
4459 4459 1
4564 4564 1
4423 4423 1
4214 4214 1
3737 3737 1
4549 4549 1
4539 4539 1
4775 4775 1
5957 5957 1
4678 4678 1
3295 3295 1
4510 4510 1
4163 4163 1
4168 4168 1
4711 4711 1
 
===
6525 6525 1
6149 6149 1
4787 4787 1
5029 5029 1
4574 4574 1
5215 5215 1
5043 5043 1
4656 4656 1
3820 3820 1
5368 5368 1
5585 5585 1
3436 3436 1
4802 4802 1
5017 5017 1
6955 6955 1
5207 5207 1
5743 5743 1
4040 4040 1
3881 3881 1
5030 5030 1
4594 4594 1
4212 4212 1
4783 4783 1
7461 7461 1
4071 4071 1
 
===
