2723 2723 1
3971 3971 1
6059 6059 1
2642 2642 1
2691 2691 1
3878 3878 1
3615 3615 1
3149 3149 1
3547 3547 1
3329 3329 1
3051 3051 1
5276 5276 1
4738 4739 0
3309 3309 1
4166 4166 1
4481 4481 1
3346 3346 1
3111 3111 1
5787 5787 1
3445 3445 1
3507 3507 1
3584 3584 1
3195 3195 1
2860 2860 1
2534 2534 1
 
===
3464 3464 1
2827 2827 1
3306 3306 1
5310 5311 0
4450 4476 0
3897 3899 0
2688 2689 0
3864 3864 1
3443 3443 1
3655 3655 1
3131 3131 1
3053 3054 0
3943 3950 0
3303 3319 0
4172 4175 0
3539 3539 1
3710 3711 0
3568 3568 1
3084 3084 1
3840 3841 0
3594 3594 1
3596 3596 1
3819 3819 1
5539 5565 0
4281 4281 1
 
===
4056 4160 0
3965 3982 0
3485 3617 0
5203 5444 0
3172 3385 0
3655 3788 0
3203 3333 0
3776 3865 0
5744 6018 0
4155 4165 0
4528 4852 0
4273 4562 0
4192 4426 0
3871 3983 0
3679 3741 0
4449 4547 0
4408 4538 0
4599 4778 0
5814 6001 0
4481 4707 0
3229 3296 0
4430 4526 0
3944 4148 0
3913 4039 0
4605 4727 0
 
===
429 5506 0
524 5256 0
337 4974 0
353 4576 0
389 4178 0
383 4575 0
571 6054 0
444 4470 0
332 3674 0
462 4576 0
509 5022 0
305 3336 0
388 4444 0
392 4704 0
442 5904 0
374 5090 0
413 4892 0
321 3657 0
379 3661 0
465 4614 0
424 4331 0
353 4048 0
418 4711 0
478 5899 0
303 4060 0
 
===
