2720 2720 1
3957 3959 0
6061 6064 0
2662 2663 0
2691 2691 1
3835 3852 0
3594 3595 0
3161 3161 1
3536 3536 1
3315 3315 1
3066 3066 1
5524 5526 0
4746 4749 0
3302 3303 0
3718 3718 1
4480 4483 0
3376 3376 1
3106 3106 1
5783 5783 1
3453 3454 0
3512 3512 1
3612 3612 1
3200 3200 1
2865 2865 1
2514 2514 1
 
3445 3445 1
2789 2789 1
3299 3300 0
5289 5289 1
4446 4465 0
3889 3892 0
2684 2685 0
3855 3856 0
3428 3428 1
3663 3663 1
3131 3131 1
3038 3038 1
3885 3896 0
3233 3245 0
4139 4140 0
3513 3513 1
3674 3675 0
3534 3534 1
3029 3029 1
3800 3800 1
3551 3551 1
3549 3549 1
3780 3780 1
5466 5491 0
4246 4254 0
 
3949 3953 0
3327 3327 1
3345 3349 0
2737 2737 1
3693 3695 0
5215 5217 0
3776 3796 0
3385 3385 1
3733 3735 0
4674 4676 0
3004 3010 0
3101 3101 1
4548 4549 0
5189 5211 0
5305 5320 0
4165 4184 0
3587 3588 0
5703 5703 1
3962 3962 1
3935 3935 1
4111 4111 1
3849 3851 0
4619 4627 0
4462 4464 0
3442 3443 0
 
4273 4365 0
3833 3841 0
3536 3538 0
3412 3414 0
4813 4815 0
4473 4521 0
5820 5853 0
4759 4759 1
2988 2990 0
4050 4109 0
4680 4696 0
4229 4257 0
3801 3802 0
4579 4600 0
3433 3433 1
3833 3839 0
4271 4349 0
4901 4926 0
5218 5218 1
4179 4180 0
5695 5701 0
4111 4136 0
4097 4098 0
4733 4771 0
5038 5128 0
 
3970 4069 0
3886 3909 0
3392 3549 0
5088 5357 0
3077 3333 0
3551 3695 0
3164 3294 0
3711 3806 0
5662 5944 0
4100 4107 0
4271 4388 0
4243 4496 0
4074 4365 0
3824 3941 0
3607 3684 0
4335 4500 0
4348 4481 0
4554 4729 0
6158 6336 0
4463 4633 0
3155 3264 0
4360 4462 0
3846 4104 0
3883 3995 0
4519 4671 0
 
405 5387 0
537 5141 0
305 4657 0
356 4419 0
443 4968 0
430 5102 0
513 5608 0
427 4461 0
340 3679 0
446 4579 0
480 5012 0
293 3340 0
373 4420 0
386 4741 0
431 5952 0
384 5123 0
409 4925 0
343 3928 0
340 3646 0
474 4626 0
376 4307 0
345 4043 0
417 4701 0
512 5912 0
302 4075 0
 
244 3448 0
242 3699 0
196 3363 0
132 3239 0
281 3937 0
211 3532 0
186 2877 0
224 3445 0
250 4189 0
251 3244 0
317 4235 0
261 4027 0
232 3933 0
195 3700 0
230 3376 0
241 3456 0
223 3617 0
157 3125 0
250 3446 0
203 3150 0
200 3626 0
284 3759 0
275 3364 0
210 3587 0
233 3818 0
 
===
