2733 2733 1
3962 3963 0
6053 6059 0
2646 2647 0
2707 2707 1
3836 3853 0
3610 3610 1
3140 3140 1
3541 3541 1
3327 3327 1
3065 3065 1
5291 5294 0
4757 4758 0
3304 3304 1
3732 3732 1
4477 4481 0
3352 3352 1
3114 3114 1
5780 5781 0
3444 3445 0
3504 3504 1
3581 3581 1
3196 3196 1
2875 2875 1
2511 2511 1
 
===
3479 3479 1
2814 2814 1
3311 3313 0
5309 5311 0
4501 4515 0
3895 3899 0
2693 2695 0
3856 3856 1
3447 3447 1
3656 3656 1
3150 3151 0
3040 3040 1
3931 3940 0
3253 3272 0
4158 4162 0
3543 3543 1
3705 3706 0
3566 3566 1
3072 3073 0
3863 3863 1
3598 3598 1
3588 3588 1
3810 3810 1
5531 5559 0
4299 4300 0
 
===
4082 4168 0
3947 3979 0
3449 3611 0
5247 5461 0
3160 3394 0
3656 3780 0
3239 3340 0
3786 3877 0
5744 6028 0
4160 4168 0
4254 4444 0
4254 4548 0
4220 4421 0
3888 4001 0
3673 3737 0
4421 4541 0
4396 4540 0
4585 4780 0
5756 5974 0
4539 4685 0
3232 3301 0
4425 4522 0
3955 4156 0
3958 4058 0
4613 4753 0
 
===
1312 6381 0
1799 6098 0
1277 4973 0
1327 4928 0
1262 4497 0
1248 5189 0
1770 6105 0
1114 4617 0
1203 3794 0
1468 5390 0
1581 5534 0
1121 3382 0
1273 4792 0
1302 5019 0
1439 6901 0
1128 5217 0
1387 5927 0
1137 4030 0
1170 3864 0
1505 5030 0
1329 4610 0
1010 4054 0
1409 4782 0
1476 7485 0
915 4063 0
 
===
