26446 26446 1
19110 19110 1
18807 18807 1
15489 15489 1
19938 19938 1
15826 15826 1
20117 20117 1
17130 17130 1
16730 16730 1
21656 21656 1
16995 16995 1
20825 20825 1
17865 17865 1
19685 19685 1
17280 17280 1
22971 22971 1
17739 17739 1
17117 17117 1
19096 19096 1
21674 21674 1
17260 17260 1
18505 18505 1
18746 18746 1
18981 18981 1
18193 18193 1
 
15706 15706 1
18491 18491 1
15896 15896 1
19950 19950 1
16400 16400 1
16936 16936 1
20914 20914 1
21059 21059 1
30721 30721 1
19165 19165 1
19903 19903 1
17468 17468 1
20181 20181 1
17820 17820 1
23398 23398 1
22151 22151 1
17771 17771 1
21593 21593 1
21411 21412 0
21499 21499 1
19740 19740 1
20954 20954 1
19959 19959 1
18424 18424 1
20152 20152 1
 
18941 18941 1
20604 20604 1
17163 17163 1
20473 20473 1
16141 16141 1
22621 22621 1
19305 19305 1
19861 19861 1
20872 20872 1
19665 19665 1
21334 21334 1
22294 22294 1
23388 23388 1
21301 21301 1
22144 22144 1
46207 46207 1
19630 19630 1
18803 18803 1
23222 23222 1
24292 24292 1
20946 20946 1
24520 24520 1
23925 23925 1
18202 18202 1
20835 20835 1
 
24363 24363 1
22374 22374 1
23432 23432 1
21117 21117 1
21501 21501 1
19163 19163 1
21261 21261 1
19228 19228 1
22759 22759 1
21895 21895 1
17896 17896 1
25832 25832 1
23024 23024 1
21547 21547 1
19311 19311 1
21306 21306 1
21010 21010 1
21896 21896 1
21685 21685 1
21225 21225 1
18363 18363 1
28047 28047 1
18728 18728 1
21502 21502 1
22017 22017 1
 
23678 23678 1
23743 23743 1
22027 22027 1
23040 23040 1
30776 30776 1
19916 19916 1
20731 20731 1
25883 25883 1
23763 23763 1
22412 22412 1
21382 21382 1
20305 20305 1
23695 23695 1
25213 25213 1
21002 21002 1
21748 21748 1
21329 21329 1
26538 26538 1
18049 18049 1
22443 22443 1
22846 22846 1
23810 23810 1
22007 22007 1
21376 21376 1
46502 46502 1
 
6326 22843 0
5993 21364 0
5529 23748 0
5982 22532 0
5480 29405 0
6335 27682 0
5916 27038 0
6017 27068 0
4972 22848 0
5602 28613 0
5016 20335 0
6115 24478 0
5531 22781 0
6312 25868 0
5300 22475 0
5726 20900 0
5166 20121 0
5501 21543 0
5698 21506 0
5618 27445 0
5300 24705 0
4397 19825 0
5365 21442 0
5743 25464 0
5618 25377 0
 
1799 18649 0
1764 18655 0
2553 22655 0
2354 24199 0
1882 21079 0
2128 21195 0
1953 20705 0
1899 21294 0
2003 21878 0
1934 18870 0
2302 22835 0
1779 21182 0
1807 19711 0
1971 20451 0
2219 20774 0
1994 21763 0
1913 20083 0
1967 20251 0
1886 21271 0
1924 19555 0
1798 19804 0
2089 22652 0
1886 21488 0
1804 17799 0
1983 20698 0
 
===
