4067 4151 0
3985 4006 0
3457 3606 0
5233 5440 0
3118 3362 0
3608 3740 0
3221 3314 0
3791 3875 0
5762 6047 0
4156 4164 0
4269 4446 0
4274 4558 0
4147 4415 0
3867 3986 0
3669 3742 0
4415 4552 0
4403 4552 0
4603 4771 0
5796 5977 0
4445 4667 0
3203 3299 0
4432 4514 0
4089 4283 0
3943 4056 0
4596 4726 0
 
4037 4127 0
3934 3953 0
3411 3592 0
5132 5397 0
3141 3361 0
3630 3746 0
3218 3324 0
3713 3816 0
5644 5958 0
4091 4104 0
4205 4394 0
4260 4492 0
4104 4368 0
3830 3948 0
3617 3702 0
4350 4502 0
4346 4476 0
4545 4731 0
5739 5897 0
4444 4635 0
3184 3266 0
4327 4465 0
3917 4111 0
3886 3999 0
4555 4672 0
 
3981 4075 0
3858 3908 0
3402 3548 0
5124 5351 0
3115 3328 0
3556 3697 0
3213 3291 0
3724 3810 0
5667 5945 0
4100 4108 0
4278 4392 0
4201 4494 0
4128 4363 0
3821 3946 0
3627 3688 0
4360 4499 0
4336 4478 0
4512 4731 0
5737 5900 0
4476 4635 0
3184 3268 0
4317 4471 0
3905 4104 0
3881 3993 0
4546 4680 0
 
3976 4069 0
3880 3918 0
3399 3541 0
5133 5357 0
3141 3326 0
3540 3700 0
3217 3290 0
3715 3811 0
5722 5950 0
4086 4101 0
4172 4389 0
4204 4495 0
4136 4368 0
3842 3946 0
3623 3682 0
4400 4499 0
4329 4478 0
4491 4726 0
5715 5900 0
4396 4632 0
3196 3267 0
4395 4467 0
3883 4101 0
3862 3995 0
4582 4674 0
 
3989 4074 0
3870 3909 0
3366 3545 0
5081 5355 0
3123 3325 0
3562 3696 0
3169 3289 0
3714 3812 0
5724 5947 0
4096 4104 0
4284 4388 0
4217 4494 0
4086 4366 0
3825 3947 0
3614 3685 0
4328 4503 0
4333 4480 0
4518 4729 0
5720 5897 0
4406 4635 0
3679 3773 0
5147 5320 0
4641 4862 0
3984 4099 0
4679 4784 0
 
4047 4156 0
3975 4000 0
3454 3595 0
5204 5433 0
3168 3386 0
3607 3756 0
3204 3317 0
3769 3867 0
5764 6037 0
4147 4157 0
4213 4440 0
4279 4544 0
4199 4447 0
3847 3986 0
3675 3731 0
4389 4538 0
4394 4540 0
4577 4781 0
5803 5968 0
4522 4686 0
3219 3295 0
4416 4532 0
3981 4159 0
3916 4042 0
5358 5485 0
 
4035 4123 0
3943 3967 0
3403 3578 0
5236 5419 0
3133 3369 0
3609 3743 0
3180 3318 0
3713 3815 0
5674 5963 0
4103 4110 0
4201 4395 0
4233 4495 0
4126 4369 0
3818 3949 0
3609 3684 0
4342 4501 0
4357 4479 0
4531 4732 0
5745 5901 0
4433 4637 0
3175 3265 0
4372 4465 0
3890 4106 0
3883 4001 0
4554 4673 0
 
3988 4074 0
3863 3905 0
3406 3552 0
5143 5359 0
3112 3332 0
3556 3698 0
3226 3287 0
3722 3817 0
5607 5943 0
4097 4103 0
4240 4396 0
4220 4499 0
4106 4366 0
3815 3944 0
3624 3684 0
4352 4496 0
4348 4474 0
4486 4730 0
5729 5903 0
4432 4633 0
3177 3265 0
4342 4468 0
3915 4104 0
3888 3997 0
4550 4671 0
 
3971 4070 0
3890 3909 0
3358 3542 0
5086 5358 0
3151 3331 0
3561 3695 0
3173 3286 0
3726 3811 0
5729 5946 0
4097 4101 0
4201 4387 0
4228 4495 0
4113 4368 0
3843 3943 0
3622 3684 0
4352 4496 0
4356 4482 0
4523 4728 0
5723 5901 0
4415 4631 0
3197 3270 0
4369 4464 0
3901 4103 0
3880 3999 0
4546 4675 0
 
4006 4071 0
3871 3910 0
3362 3542 0
5157 5359 0
3095 3328 0
3548 3697 0
3204 3288 0
3712 3812 0
5673 5944 0
4100 4105 0
4275 4389 0
4249 4493 0
4178 4364 0
3805 3944 0
3614 3684 0
4396 4499 0
4354 4478 0
4529 4728 0
5742 5898 0
4400 4631 0
3179 3263 0
5121 5213 0
4520 4741 0
3983 4113 0
4642 4769 0
 
4101 4193 0
3962 3985 0
3448 3631 0
5222 5422 0
3208 3386 0
3610 3753 0
3230 3345 0
3776 3874 0
5814 6011 0
4157 4167 0
4349 4441 0
4278 4550 0
4176 4417 0
4081 4195 0
3684 3744 0
4397 4548 0
4371 4530 0
4548 4785 0
5962 6155 0
4430 4697 0
3179 3302 0
4426 4520 0
3903 4148 0
3936 4041 0
4624 4736 0
 
4031 4133 0
3923 3964 0
3452 3590 0
5107 5403 0
3133 3362 0
3607 3737 0
3205 3321 0
3758 3852 0
5676 5952 0
4093 4104 0
4261 4391 0
4228 4498 0
4084 4369 0
3826 3945 0
3628 3688 0
4351 4500 0
4305 4476 0
4532 4732 0
5732 5898 0
4405 4632 0
3141 3264 0
4353 4482 0
3877 4102 0
3888 3998 0
4557 4671 0
 
3964 4075 0
3886 3910 0
3380 3548 0
5130 5357 0
3098 3327 0
3559 3699 0
3204 3287 0
3714 3805 0
5658 5946 0
4099 4108 0
4192 4391 0
4245 4499 0
4107 4362 0
3830 3946 0
3628 3687 0
4374 4501 0
4330 4480 0
4533 4731 0
5723 5905 0
4422 4631 0
3200 3264 0
4348 4470 0
3851 4105 0
3883 3994 0
4569 4672 0
 
4004 4073 0
3872 3917 0
3359 3545 0
5138 5354 0
3093 3327 0
3577 3700 0
3164 3285 0
3725 3808 0
5603 5945 0
4098 4104 0
4235 4391 0
4236 4491 0
4088 4364 0
3820 3948 0
3618 3684 0
4367 4500 0
4353 4477 0
4585 4728 0
5711 5897 0
4453 4638 0
3165 3267 0
4367 4461 0
3880 4104 0
3892 3999 0
4554 4670 0
 
3970 4081 0
3869 3908 0
3362 3544 0
5083 5361 0
3127 3332 0
3563 3696 0
3173 3291 0
3720 3808 0
5569 5942 0
4096 4102 0
4254 4391 0
4209 4490 0
4115 4365 0
3851 3943 0
3618 3681 0
4356 4499 0
4341 4478 0
4551 4731 0
5724 5898 0
4518 4633 0
3171 3265 0
5048 5162 0
4540 4781 0
4555 4658 0
4716 4814 0
 
4062 4151 0
3953 4003 0
3426 3619 0
5241 5448 0
3124 3362 0
3624 3769 0
3242 3331 0
3787 3875 0
5714 6005 0
4147 4158 0
4261 4436 0
4297 4537 0
4146 4406 0
3875 3998 0
3660 3732 0
4448 4559 0
4377 4525 0
4552 4790 0
5805 5979 0
4484 4684 0
3206 3304 0
4422 4519 0
3989 4171 0
3969 4068 0
4605 4736 0
 
4029 4135 0
3910 3957 0
3414 3583 0
5254 5431 0
3128 3367 0
3615 3740 0
3187 3329 0
3765 3861 0
5751 5998 0
4101 4106 0
4223 4399 0
4264 4497 0
4157 4374 0
3843 3947 0
3629 3689 0
4320 4506 0
4347 4475 0
4548 4738 0
5731 5905 0
4408 4641 0
3151 3265 0
4365 4467 0
3859 4104 0
3882 3996 0
4568 4670 0
 
3994 4069 0
3856 3908 0
3372 3543 0
5072 5354 0
3147 3337 0
3541 3701 0
3175 3287 0
3715 3805 0
5639 5948 0
4104 4110 0
4225 4392 0
4226 4500 0
4105 4366 0
3828 3947 0
3608 3686 0
4359 4499 0
4329 4475 0
4534 4732 0
5724 5903 0
4448 4635 0
3166 3270 0
4364 4465 0
3903 4116 0
3889 3993 0
4550 4669 0
 
3993 4070 0
3872 3915 0
3404 3542 0
5117 5356 0
3098 3332 0
3566 3696 0
3213 3287 0
3717 3806 0
5664 5948 0
4082 4099 0
4202 4390 0
4230 4496 0
4124 4363 0
3820 3942 0
3629 3686 0
4361 4501 0
4341 4483 0
4508 4732 0
5693 5904 0
4395 4631 0
3192 3266 0
4334 4465 0
3922 4101 0
3899 3997 0
4557 4669 0
 
3994 4075 0
3891 3909 0
3363 3542 0
5135 5356 0
3116 3328 0
3551 3699 0
3209 3288 0
3709 3805 0
5632 5942 0
4095 4101 0
4256 4391 0
4202 4495 0
4137 4369 0
3848 3941 0
3603 3684 0
4382 4502 0
4327 4476 0
4482 4728 0
5719 5899 0
4413 4632 0
3192 3266 0
4351 4463 0
4633 4893 0
4591 4724 0
5427 5569 0
 
4075 4173 0
3933 3984 0
3475 3628 0
5226 5437 0
3148 3389 0
3640 3781 0
3278 3349 0
3772 3863 0
5780 6026 0
4146 4151 0
4293 4449 0
4299 4543 0
4120 4404 0
3893 3984 0
3674 3737 0
4392 4563 0
4415 4534 0
4590 4786 0
5794 5968 0
4486 4683 0
3207 3304 0
4397 4513 0
3949 4161 0
3936 4048 0
4601 4743 0
 
4045 4124 0
3932 3971 0
3423 3588 0
5197 5407 0
3133 3362 0
3884 4007 0
3362 3427 0
3749 3851 0
5699 6009 0
4112 4119 0
4181 4393 0
4233 4509 0
4093 4372 0
3836 3949 0
3627 3691 0
4353 4504 0
4328 4480 0
4545 4730 0
5722 5901 0
4407 4641 0
3191 3273 0
4336 4469 0
3917 4111 0
3902 4001 0
4545 4673 0
 
3975 4076 0
3861 3908 0
3387 3545 0
5133 5354 0
3110 3329 0
3573 3702 0
3240 3287 0
3708 3809 0
5628 5947 0
4104 4109 0
4264 4390 0
4234 4500 0
4107 4366 0
3820 3943 0
3618 3693 0
4368 4502 0
4344 4488 0
4548 4730 0
5721 5901 0
4442 4635 0
3185 3270 0
4334 4467 0
3902 4105 0
3893 3996 0
4546 4669 0
 
3988 4071 0
3864 3913 0
3381 3541 0
5086 5355 0
3136 3334 0
3542 3697 0
3178 3285 0
3722 3811 0
5639 5943 0
4084 4100 0
4233 4392 0
4182 4493 0
4106 4365 0
3813 3941 0
3617 3690 0
4356 4497 0
4334 4476 0
4511 4730 0
5702 5902 0
4462 4633 0
3186 3266 0
4355 4468 0
3878 4101 0
3892 3995 0
4573 4670 0
 
3968 4068 0
3862 3910 0
3384 3542 0
5135 5355 0
3113 3328 0
3578 3694 0
3171 3288 0
3714 3806 0
5668 5949 0
4095 4103 0
4216 4391 0
4255 4493 0
4139 4364 0
3833 3944 0
3624 3683 0
4357 4496 0
4352 4474 0
4518 4726 0
5719 5897 0
4407 4631 0
3140 3267 0
4322 4466 0
3864 4104 0
4632 4754 0
5580 5711 0
 
4127 4202 0
3941 3985 0
3466 3633 0
5190 5450 0
3133 3391 0
3626 3770 0
3229 3356 0
3792 3880 0
5719 6000 0
4164 4175 0
4277 4447 0
4285 4538 0
4191 4426 0
3872 4010 0
3671 3738 0
4396 4544 0
4404 4546 0
4564 4782 0
5803 5985 0
4692 4845 0
3188 3297 0
4421 4519 0
3935 4146 0
3947 4049 0
4597 4732 0
 
4010 4121 0
3936 3958 0
3408 3576 0
5150 5395 0
3133 3356 0
3621 3754 0
3178 3317 0
3761 3848 0
5707 6014 0
4160 4162 0
4224 4398 0
4267 4497 0
4075 4368 0
3830 3949 0
3611 3689 0
4356 4509 0
4335 4478 0
4571 4732 0
5715 5900 0
4454 4634 0
3189 3274 0
4381 4463 0
3913 4112 0
3885 4001 0
4572 4670 0
 
3982 4074 0
3866 3910 0
3358 3544 0
5142 5356 0
3117 3332 0
3555 3704 0
3158 3289 0
3712 3812 0
5612 5945 0
4096 4107 0
4267 4391 0
4235 4500 0
4119 4368 0
3848 3942 0
3638 3690 0
4353 4497 0
4337 4476 0
4571 4732 0
5722 5900 0
4441 4639 0
3183 3268 0
4373 4471 0
3880 4102 0
3890 3995 0
4521 4671 0
 
3981 4073 0
3861 3911 0
3362 3545 0
5178 5354 0
3134 3331 0
3575 3697 0
3175 3288 0
3721 3809 0
5711 5939 0
4090 4099 0
4253 4389 0
4192 4495 0
4157 4364 0
3836 3944 0
3610 3687 0
4303 4498 0
4330 4481 0
4458 4728 0
5743 5900 0
4480 4637 0
3187 3270 0
4373 4465 0
3891 4104 0
3882 3996 0
4546 4671 0
 
3969 4074 0
3861 3912 0
3409 3543 0
5105 5360 0
3099 3327 0
3567 3698 0
3178 3288 0
3710 3809 0
5602 5939 0
4093 4100 0
4237 4392 0
4254 4492 0
4113 4362 0
3799 3943 0
3617 3688 0
4366 4497 0
4349 4475 0
4506 4729 0
5719 5900 0
4456 4637 0
3193 3266 0
4334 4463 0
3911 4104 0
5284 5398 0
5524 5631 0
 
4820 4931 0
3945 3987 0
3481 3618 0
5255 5478 0
3213 3423 0
3643 3781 0
3265 3338 0
3777 3876 0
5750 6047 0
4154 4166 0
4262 4439 0
4276 4534 0
4168 4431 0
3915 4012 0
3673 3726 0
4383 4539 0
4390 4551 0
4570 4782 0
5841 5985 0
4466 4696 0
3173 3300 0
4403 4526 0
3930 4137 0
3918 4036 0
4588 4713 0
 
4036 4139 0
3939 3963 0
3404 3583 0
5206 5427 0
3112 3375 0
3604 3736 0
3198 3323 0
3766 3863 0
5689 6003 0
4131 4144 0
4213 4427 0
4247 4506 0
4132 4367 0
3833 3948 0
3630 3690 0
4392 4496 0
4358 4478 0
4512 4734 0
5728 5906 0
4366 4635 0
3186 3265 0
4373 4478 0
3899 4117 0
3901 4000 0
4553 4673 0
 
3994 4073 0
3876 3909 0
3384 3549 0
5100 5354 0
3088 3333 0
3565 3701 0
3165 3287 0
3719 3810 0
5654 5946 0
4097 4107 0
4229 4394 0
4231 4497 0
4113 4363 0
3833 3945 0
3610 3683 0
4359 4501 0
4343 4489 0
4521 4735 0
5721 5910 0
4421 4637 0
3177 3267 0
4371 4476 0
3903 4105 0
3906 4009 0
4568 4675 0
 
3977 4075 0
3866 3910 0
3360 3545 0
5150 5356 0
3118 3335 0
3553 3702 0
3213 3289 0
3722 3811 0
5723 5950 0
4100 4103 0
4193 4392 0
4228 4495 0
4148 4366 0
3821 3942 0
3620 3685 0
4371 4501 0
4342 4480 0
4510 4730 0
5725 5903 0
4445 4630 0
3187 3266 0
4319 4466 0
3911 4106 0
3892 3997 0
4560 4671 0
 
3996 4070 0
3860 3912 0
3339 3546 0
5142 5363 0
3077 3330 0
3564 3696 0
3182 3295 0
3718 3807 0
5633 5947 0
4093 4105 0
4227 4387 0
4171 4491 0
4096 4363 0
4462 4551 0
3591 3683 0
4345 4504 0
4340 4480 0
4500 4730 0
5732 5897 0
4427 4633 0
3205 3268 0
4327 4465 0
3867 4103 0
3889 3995 0
5410 5562 0
 
4710 4810 0
5520 5572 0
3427 3612 0
5208 5460 0
3159 3388 0
3636 3781 0
3206 3328 0
3806 3896 0
5698 6033 0
4138 4154 0
4306 4449 0
4565 4843 0
4184 4420 0
3876 3991 0
3676 3744 0
4412 4561 0
4598 4748 0
4590 4786 0
5836 5976 0
4510 4694 0
3228 3293 0
4416 4523 0
3951 4141 0
3925 4047 0
4623 4749 0
 
4024 4127 0
3918 3962 0
3458 3572 0
5156 5405 0
3125 3366 0
3595 3743 0
3262 3327 0
3758 3843 0
5667 6017 0
4139 4154 0
4258 4432 0
4269 4543 0
4095 4368 0
3813 3950 0
3625 3694 0
4360 4503 0
4332 4483 0
4510 4730 0
5670 5904 0
4460 4641 0
3193 3271 0
4385 4464 0
3908 4105 0
4645 4772 0
4544 4668 0
 
3999 4076 0
3895 3915 0
3387 3545 0
5116 5361 0
3131 3327 0
3587 3704 0
3142 3291 0
3719 3810 0
5616 5945 0
4099 4110 0
4206 4390 0
4280 4492 0
4158 4368 0
3813 3945 0
3615 3684 0
4334 4500 0
4331 4477 0
4496 4730 0
5686 5899 0
4397 4637 0
3163 3268 0
4363 4469 0
3891 4109 0
3885 3997 0
4532 4670 0
 
4000 4071 0
3869 3910 0
3358 3541 0
5102 5354 0
3094 3330 0
3562 3701 0
3203 3289 0
3721 3807 0
5750 5943 0
4098 4104 0
4253 4389 0
4282 4495 0
4160 4368 0
3819 3946 0
3609 3685 0
4319 4496 0
4325 4481 0
4532 4732 0
5705 5902 0
4465 4635 0
3184 3265 0
4343 4464 0
3913 4103 0
3896 3994 0
4544 4672 0
 
3988 4073 0
3853 3906 0
3371 3550 0
5127 5364 0
3110 3326 0
3569 3705 0
3166 3289 0
3710 3806 0
5617 5945 0
4097 4101 0
4204 4392 0
4236 4492 0
4108 4373 0
3811 3943 0
3620 3685 0
4363 4496 0
4341 4481 0
4511 4728 0
5727 5894 0
4401 4633 0
3148 3263 0
4368 4466 0
3918 4104 0
3882 3994 0
4550 4672 0
 
===
