273 273 1
457 457 1
109 109 1
503 503 1
387 387 1
122 122 1
161 161 1
207 207 1
123 123 1
123 123 1
136 136 1
373 373 1
188 188 1
451 451 1
669 669 1
336 336 1
306 306 1
112 112 1
220 220 1
184 184 1
772 772 1
278 278 1
912 912 1
360 360 1
634 634 1
 
937 937 1
420 420 1
577 577 1
510 510 1
611 611 1
408 408 1
1311 1311 1
721 721 1
546 546 1
559 559 1
470 470 1
637 637 1
886 886 1
515 515 1
380 380 1
288 288 1
535 535 1
621 621 1
1279 1279 1
402 402 1
384 384 1
1195 1195 1
294 294 1
761 761 1
1627 1627 1
 
694 694 1
2551 2551 1
1119 1119 1
771 771 1
984 984 1
515 515 1
1831 1831 1
1011 1011 1
1880 1880 1
1310 1310 1
2444 2444 1
1084 1084 1
2061 2061 1
876 876 1
1993 1993 1
1160 1160 1
1479 1479 1
1005 1005 1
718 718 1
865 865 1
1265 1265 1
793 793 1
1104 1104 1
1013 1013 1
1852 1852 1
 
757 757 1
1271 1271 1
2005 2005 1
1760 1760 1
1242 1242 1
1522 1522 1
1987 1987 1
2125 2125 1
1109 1109 1
2013 2013 1
2686 2686 1
837 837 1
1561 1561 1
1756 1756 1
1112 1112 1
3082 3082 1
2127 2127 1
1464 1464 1
2020 2020 1
1957 1957 1
2632 2632 1
1827 1827 1
1139 1139 1
1456 1456 1
1870 1870 1
 
1371 1371 1
1763 1763 1
1338 1338 1
2602 2602 1
2269 2269 1
1880 1880 1
1573 1573 1
1310 1310 1
1906 1906 1
2682 2682 1
1691 1691 1
2324 2324 1
1703 1703 1
1409 1409 1
1406 1406 1
2250 2250 1
1643 1643 1
2499 2499 1
1906 1906 1
2068 2068 1
1894 1894 1
2865 2865 1
1365 1365 1
2243 2243 1
3127 3127 1
 
3026 3026 1
1393 1393 1
3885 3885 1
3658 3658 1
1612 1612 1
2264 2264 1
2287 2287 1
2378 2378 1
2541 2541 1
2390 2390 1
1697 1697 1
1929 1929 1
2563 2563 1
2628 2628 1
2339 2339 1
1809 1809 1
2128 2128 1
1821 1821 1
1971 1971 1
1177 1177 1
1737 1737 1
1718 1718 1
2199 2199 1
1940 1940 1
2149 2149 1
 
2805 2805 1
1463 1463 1
3283 3283 1
2691 2691 1
2704 2704 1
2231 2231 1
2219 2219 1
2133 2133 1
2987 2987 1
3200 3200 1
2790 2790 1
2426 2426 1
2755 2755 1
3129 3129 1
2136 2136 1
2366 2366 1
1885 1885 1
2643 2643 1
1465 1465 1
2521 2521 1
2586 2586 1
2364 2364 1
2886 2886 1
2992 2992 1
1830 1830 1
 
2731 2731 1
3056 3056 1
5436 5436 1
1874 1874 1
2995 2995 1
3324 3324 1
3785 3785 1
4702 4702 1
2665 2665 1
4007 4007 1
3259 3259 1
2569 2569 1
2697 2697 1
3748 3748 1
3612 3612 1
2645 2645 1
3401 3401 1
2706 2706 1
2761 2761 1
4106 4106 1
2810 2810 1
4010 4010 1
2990 2990 1
2933 2933 1
3079 3079 1
 
2681 2681 1
3892 3892 1
5966 5966 1
2627 2628 0
2665 2665 1
3815 3816 0
3558 3558 1
3123 3123 1
3484 3484 1
3261 3261 1
3018 3018 1
5232 5232 1
4678 4678 1
3279 3279 1
3673 3673 1
4441 4441 1
3315 3315 1
3073 3073 1
5729 5729 1
3418 3418 1
3473 3473 1
3548 3548 1
3169 3169 1
2832 2832 1
2500 2500 1
 
3955 3955 1
3323 3323 1
3344 3344 1
3423 3423 1
4221 4221 1
6110 6111 0
3850 3850 1
3466 3466 1
3819 3819 1
4763 4763 1
3055 3055 1
3150 3150 1
4631 4631 1
5272 5274 0
5954 5956 0
4230 4237 0
3643 3643 1
5767 5767 1
4030 4030 1
3976 3976 1
4145 4145 1
3888 3888 1
4678 4678 1
4529 4529 1
3480 3480 1
 
4120 4122 0
3971 3972 0
3586 3588 0
5409 5413 0
3359 3360 0
3748 3752 0
3318 3322 0
3852 3853 0
6011 6029 0
4148 4148 1
4431 4446 0
4537 4538 0
4415 4416 0
3962 3968 0
3735 3736 0
4550 4550 1
4534 4537 0
4759 4759 1
5895 5899 0
4615 4637 0
3267 3267 1
4462 4463 0
4097 4105 0
4005 4005 1
4679 4679 1
 
1011 6312 0
1142 6034 0
875 4713 0
884 4873 0
878 4459 0
904 5139 0
1193 4949 0
1099 4564 0
855 3751 0
1054 5326 0
1301 5475 0
852 3347 0
933 4744 0
1099 4965 0
990 6825 0
926 5153 0
1073 5685 0
814 3989 0
946 3835 0
1019 4965 0
1048 4544 0
844 4023 0
1029 4729 0
1164 7385 0
806 4025 0
 
329 3686 0
368 4423 0
286 3818 0
186 3498 0
370 4969 0
294 4153 0
267 3119 0
297 3876 0
349 5121 0
347 3735 0
441 4979 0
351 4962 0
333 4710 0
296 4120 0
315 4006 0
335 3910 0
320 3943 0
227 3377 0
379 4161 0
283 3512 0
263 3889 0
387 4611 0
400 3892 0
275 4095 0
327 4592 0
 
===
