3773 3773 1
2946 2946 1
3413 3413 1
3513 3513 1
1871 1871 1
2759 2759 1
2891 2891 1
3113 3113 1
5230 5230 1
4418 4418 1
3935 3935 1
4089 4089 1
3674 3674 1
3718 3718 1
2881 2881 1
3834 3834 1
3984 3984 1
4261 4261 1
2703 2703 1
3815 3815 1
3880 3880 1
3824 3824 1
2133 2133 1
3019 3019 1
4981 4981 1
 
===
2742 2742 1
4035 4035 1
6041 6041 1
2654 2654 1
2705 2705 1
3886 3886 1
3592 3592 1
3152 3152 1
3517 3517 1
3315 3315 1
3061 3062 0
5316 5316 1
4740 4740 1
3333 3333 1
3734 3734 1
4496 4496 1
3358 3358 1
3296 3296 1
5773 5773 1
3450 3450 1
3509 3509 1
3581 3581 1
3209 3209 1
2850 2850 1
2512 2512 1
 
===
3469 3469 1
2827 2827 1
3768 3768 1
5311 5311 1
4521 4521 1
3897 3897 1
2704 2707 0
3887 3887 1
3463 3463 1
3643 3643 1
3162 3162 1
3032 3033 0
3946 3946 1
3276 3276 1
4175 4175 1
3530 3530 1
3702 3703 0
3568 3568 1
3081 3082 0
3850 3850 1
3585 3585 1
3589 3589 1
3801 3801 1
5702 5702 1
4275 4275 1
 
===
3986 3988 0
3364 3364 1
3362 3369 0
2803 2803 1
3732 3732 1
5284 5284 1
3835 3835 1
3452 3452 1
3780 3787 0
4756 4757 0
3034 3043 0
3126 3126 1
4629 4629 1
5258 5260 0
5386 5386 1
4215 4215 1
3621 3621 1
5740 5740 1
3992 3992 1
3974 3975 0
4144 4145 0
3893 3898 0
4680 4680 1
4499 4499 1
3468 3468 1
 
===
4392 4393 0
3876 3906 0
3575 3588 0
3465 3476 0
4881 4896 0
4647 4651 0
5870 5905 0
4885 4885 1
3013 3027 0
4158 4171 0
6336 6338 0
4304 4304 1
3892 3894 0
4619 4646 0
3492 3492 1
3850 3867 0
4376 4376 1
4972 4972 1
5389 5390 0
4258 4258 1
5747 5747 1
4133 4174 0
4126 4144 0
4821 4822 0
5173 5175 0
 
===
4137 4137 1
3973 3973 1
3606 3606 1
5442 5442 1
3367 3368 0
3767 3768 0
3365 3365 1
3870 3870 1
5996 5996 1
4175 4175 1
4465 4465 1
4561 4562 0
4409 4409 1
3998 3999 0
3722 3722 1
4553 4553 1
4565 4565 1
4780 4780 1
6128 6128 1
4680 4680 1
3451 3451 1
4517 4517 1
4165 4165 1
4044 4044 1
4715 4715 1
 
===
6219 6508 0
6027 6123 0
4809 4821 0
4996 5015 0
4478 4515 0
5029 5188 0
4990 5040 0
4610 4622 0
3778 3788 0
5380 5385 0
5636 5673 0
3395 3411 0
4776 4822 0
5027 5045 0
6833 6941 0
5218 5221 0
5748 5756 0
4024 4046 0
3813 3876 0
4916 5017 0
4426 4586 0
4024 4071 0
4760 4798 0
7407 7465 0
4054 4064 0
 
===
