26531 26531 1
19945 19945 1
19003 19003 1
15515 15516 0
18447 18449 0
16033 16034 0
20174 20174 1
16926 16926 1
16758 16758 1
21641 21641 1
16805 16805 1
20812 20812 1
17866 17866 1
20418 20418 1
17301 17301 1
22957 22958 0
18351 18351 1
17150 17150 1
19082 19082 1
21655 21655 1
17251 17251 1
18511 18512 0
18766 18766 1
18972 18972 1
18212 18212 1
 
15703 15703 1
18495 18495 1
15928 15929 0
19954 19954 1
16398 16398 1
16934 16934 1
21557 21557 1
21054 21054 1
30777 30777 1
19177 19177 1
20406 20406 1
17510 17510 1
20174 20174 1
17844 17846 0
24126 24127 0
24205 24205 1
17903 17903 1
21601 21601 1
21482 21482 1
21539 21540 0
19702 19703 0
20939 20939 1
19943 19943 1
18427 18427 1
20161 20161 1
 
18911 18911 1
20588 20588 1
17161 17161 1
20491 20491 1
16140 16140 1
22601 22602 0
19300 19300 1
19873 19878 0
20858 20859 0
19638 19640 0
21275 21275 1
22297 22298 0
23376 23376 1
21273 21274 0
22147 22147 1
40909 40909 1
19497 19497 1
19191 19191 1
25018 25019 0
25409 25409 1
20235 20235 1
24596 24596 1
23485 23485 1
18276 18276 1
20763 20764 0
 
24401 24401 1
22338 22339 0
24892 24895 0
21098 21098 1
21505 21507 0
19173 19175 0
21294 21294 1
19203 19204 0
22762 22764 0
21906 21906 1
17903 17904 0
25845 25846 0
23027 23028 0
21515 21515 1
19288 19288 1
21324 21325 0
21035 21035 1
21913 21915 0
21667 21667 1
21237 21237 1
18340 18340 1
28656 28656 1
18271 18272 0
21484 21484 1
22014 22014 1
 
25194 25194 1
23996 23996 1
21563 21564 0
22991 22995 0
27629 27634 0
20839 20842 0
20737 20737 1
25929 25931 0
23721 23723 0
22396 22406 0
21378 21378 1
20289 20290 0
23685 23685 1
28527 28531 0
20995 20995 1
21749 21749 1
21289 21292 0
26568 26577 0
18019 18019 1
22480 22481 0
22485 22490 0
23820 23823 0
22031 22031 1
21388 21392 0
42977 42977 1
 
2451 20120 0
2678 21256 0
3315 25997 0
2758 23037 0
2939 26770 0
3026 24595 0
2678 24365 0
3662 29659 0
2346 21896 0
2654 24659 0
2490 19173 0
2718 23340 0
2416 21021 0
2913 23789 0
2469 20693 0
2553 20340 0
2491 19190 0
2332 20546 0
2221 20203 0
2368 24123 0
2453 22622 0
2251 19430 0
2448 20654 0
2699 22825 0
2819 27228 0
 
1314 16382 0
1284 16485 0
2517 27946 0
1787 20067 0
1395 18672 0
1532 18172 0
1422 18204 0
1509 18977 0
1476 19200 0
1337 16670 0
1526 19164 0
1480 18934 0
1332 17566 0
1436 17544 0
1690 18128 0
1361 19124 0
1407 17150 0
1471 17948 0
1348 17620 0
1387 17453 0
1345 17382 0
1575 19796 0
1361 18214 0
1217 15351 0
1440 18189 0
 
===
