2746 2746 1
3957 3957 1
6056 6056 1
2652 2652 1
2701 2701 1
3864 3864 1
3596 3596 1
3444 3444 1
3509 3509 1
3316 3316 1
3083 3084 0
5310 5310 1
4753 4753 1
3299 3299 1
3720 3720 1
4530 4530 1
3335 3335 1
3103 3103 1
5773 5773 1
3440 3440 1
3524 3524 1
3584 3584 1
3204 3204 1
2854 2854 1
2519 2519 1
 
===
3446 3446 1
2839 2839 1
3727 3727 1
5348 5348 1
4456 4456 1
3901 3901 1
2704 2704 1
3855 3855 1
3438 3438 1
3670 3670 1
3154 3154 1
3041 3041 1
3960 3960 1
3292 3292 1
4168 4168 1
3557 3557 1
3718 3718 1
3591 3591 1
3067 3067 1
3846 3846 1
3594 3594 1
3586 3586 1
3799 3799 1
5859 5859 1
4298 4298 1
 
===
4005 4005 1
3352 3352 1
3399 3399 1
2783 2783 1
3748 3748 1
5288 5288 1
3842 3842 1
3449 3449 1
3765 3765 1
5057 5057 1
3072 3072 1
3150 3150 1
4587 4587 1
5300 5300 1
5376 5376 1
4226 4226 1
3622 3622 1
5743 5743 1
3996 3996 1
3976 3976 1
4145 4145 1
3867 3867 1
4703 4703 1
4507 4507 1
3478 3478 1
 
===
4407 4407 1
3894 3895 0
3584 3584 1
3933 3933 1
4878 4878 1
4585 4585 1
6706 6706 1
4836 4836 1
3018 3018 1
4171 4171 1
4756 4756 1
4317 4317 1
3852 3852 1
4637 4638 0
3473 3473 1
3884 3884 1
4393 4393 1
4981 4981 1
5272 5272 1
4243 4243 1
5802 5802 1
4487 4488 0
4136 4136 1
4819 4819 1
5171 5171 1
 
===
4191 4191 1
3961 3961 1
3611 3611 1
5435 5435 1
3371 3380 0
3740 3751 0
3356 3356 1
3864 3865 0
6024 6024 1
4157 4157 1
4430 4430 1
4558 4560 0
4411 4412 0
3999 4000 0
3730 3731 0
4558 4559 0
4535 4537 0
4805 4805 1
6144 6144 1
4687 4687 1
3452 3452 1
4519 4519 1
4135 4137 0
4055 4057 0
4709 4709 1
 
===
356 4684 0
400 4501 0
271 4239 0
260 3978 0
286 3785 0
272 3982 0
341 4421 0
321 4111 0
238 3504 0
363 4297 0
364 4504 0
231 3014 0
299 3774 0
300 4438 0
333 4988 0
273 4637 0
318 4202 0
239 3430 0
278 3577 0
352 3984 0
296 3920 0
246 3716 0
317 4386 0
386 4984 0
220 3798 0
 
===
