3773 3773 1
2964 2964 1
3448 3448 1
3499 3499 1
1880 1880 1
2762 2762 1
2892 2892 1
3110 3110 1
5247 5247 1
4412 4412 1
3935 3935 1
4367 4367 1
3766 3766 1
3741 3741 1
2884 2884 1
3819 3819 1
3977 3977 1
4284 4284 1
2707 2707 1
3785 3785 1
3870 3870 1
3842 3842 1
2126 2126 1
3039 3039 1
4997 4997 1
 
===
2729 2729 1
3963 3963 1
6034 6034 1
2670 2670 1
2693 2693 1
3872 3872 1
3623 3623 1
3148 3148 1
3534 3534 1
3333 3333 1
3105 3105 1
5317 5317 1
4973 4973 1
3308 3308 1
3733 3733 1
4476 4476 1
3351 3351 1
3094 3094 1
5796 5796 1
3454 3454 1
3532 3532 1
3638 3638 1
3201 3201 1
2854 2854 1
2535 2535 1
 
===
3493 3493 1
2841 2841 1
3313 3313 1
5361 5361 1
4476 4476 1
3911 3911 1
2713 2713 1
3876 3876 1
3460 3460 1
3704 3704 1
3140 3140 1
3046 3046 1
3953 3953 1
3273 3273 1
4170 4170 1
3562 3562 1
3739 3739 1
3555 3555 1
3064 3064 1
3847 3847 1
3591 3591 1
3606 3606 1
3814 3814 1
5856 5856 1
4311 4311 1
 
===
4018 4018 1
3373 3373 1
3418 3418 1
2781 2781 1
3746 3746 1
5309 5309 1
3847 3847 1
3450 3450 1
3787 3787 1
4766 4766 1
3060 3060 1
3147 3147 1
4599 4599 1
5299 5299 1
5380 5380 1
4234 4234 1
3627 3627 1
5728 5728 1
4013 4013 1
3966 3966 1
4142 4142 1
3884 3884 1
4692 4692 1
4505 4505 1
3466 3466 1
 
===
4432 4433 0
3891 3910 0
4085 4092 0
3441 3443 0
4865 4873 0
4620 4623 0
5937 5943 0
4836 4836 1
3018 3024 0
4123 4135 0
5618 5619 0
4333 4334 0
3873 3873 1
4624 4640 0
3473 3473 1
3884 3891 0
4386 4386 1
4979 4980 0
5280 5280 1
4282 4282 1
5768 5768 1
4167 4187 0
4142 4151 0
4800 4800 1
5170 5171 0
 
===
978 4136 0
903 3986 0
647 3591 0
1003 5426 0
642 3374 0
790 3742 0
563 3313 0
883 3853 0
1057 5991 0
792 4149 0
822 4417 0
833 4537 0
910 4405 0
674 3981 0
801 3723 0
829 4538 0
983 4522 0
821 4780 0
1024 6131 0
749 4674 0
586 3300 0
761 4503 0
943 4160 0
1085 4182 0
1036 4727 0
 
===
6520 6520 1
6151 6151 1
4810 4810 1
4992 4992 1
4571 4571 1
5208 5208 1
5053 5053 1
4641 4641 1
3804 3804 1
5381 5381 1
5571 5571 1
3376 3376 1
4802 4802 1
5066 5066 1
6930 6930 1
5235 5235 1
5741 5741 1
4032 4032 1
3902 3902 1
5026 5026 1
4603 4603 1
4055 4055 1
4791 4791 1
7466 7466 1
4076 4076 1
 
===
