2734 2734 1
3958 3958 1
6077 6077 1
2644 2644 1
2709 2709 1
3858 3858 1
3604 3604 1
3150 3150 1
3522 3522 1
3340 3340 1
3101 3102 0
5286 5286 1
4732 4732 1
3297 3297 1
3723 3723 1
4485 4485 1
3372 3372 1
3292 3292 1
5793 5793 1
3452 3452 1
3506 3506 1
3575 3575 1
3201 3201 1
2848 2848 1
2520 2520 1
 
===
3464 3464 1
2856 2856 1
3514 3514 1
5321 5321 1
4464 4464 1
3899 3899 1
2700 2700 1
3888 3888 1
3438 3438 1
3685 3685 1
3148 3148 1
3045 3045 1
3940 3940 1
3349 3349 1
4163 4163 1
3531 3531 1
4099 4099 1
3568 3568 1
3064 3064 1
3849 3849 1
3610 3610 1
3595 3595 1
3826 3826 1
5567 5567 1
4299 4299 1
 
===
4146 4146 1
3965 3965 1
3627 3627 1
5476 5476 1
3362 3362 1
3814 3814 1
3333 3333 1
3864 3864 1
6008 6008 1
4155 4155 1
4442 4442 1
4533 4533 1
4409 4409 1
3995 3995 1
3740 3740 1
4547 4547 1
4534 4534 1
5689 5689 1
5978 5978 1
4681 4681 1
3287 3287 1
4518 4518 1
4162 4162 1
4031 4031 1
4739 4739 1
 
===
6552 6552 1
6112 6112 1
4829 4829 1
5000 5000 1
4574 4574 1
5225 5225 1
5036 5036 1
4628 4628 1
3797 3797 1
5370 5370 1
5587 5587 1
3433 3433 1
4816 4816 1
5156 5156 1
6963 6963 1
5232 5232 1
5758 5758 1
4027 4027 1
4018 4018 1
5013 5013 1
4603 4603 1
4059 4059 1
4782 4782 1
7464 7464 1
4080 4080 1
 
===
