5266 5266 1
7235 7235 1
10469 10469 1
5236 5236 1
5274 5274 1
6736 6736 1
6503 6503 1
5945 5945 1
6816 6816 1
6464 6464 1
5779 5779 1
9620 9620 1
8479 8479 1
6582 6582 1
9379 9379 1
7538 7538 1
6729 6729 1
5888 5888 1
10491 10491 1
6335 6335 1
6448 6448 1
6847 6847 1
5688 5688 1
5470 5470 1
5016 5016 1
 
6589 6589 1
5470 5470 1
6275 6275 1
8834 8834 1
7742 7742 1
7477 7477 1
4812 4812 1
6623 6623 1
6530 6530 1
6753 6753 1
5919 5919 1
5973 5973 1
6797 6797 1
6347 6347 1
7629 7629 1
6724 6724 1
6993 6993 1
6319 6319 1
5901 5901 1
6754 6754 1
6851 6851 1
6604 6604 1
6949 6949 1
10232 10232 1
7599 7599 1
 
7819 7819 1
6618 6618 1
6034 6034 1
5280 5280 1
7114 7114 1
9189 9189 1
7508 7508 1
6715 6715 1
7421 7421 1
8226 8226 1
5767 5767 1
5638 5638 1
7742 7742 1
9567 9567 1
10110 10110 1
8075 8075 1
6888 6888 1
8996 8996 1
7811 7811 1
7807 7807 1
7978 7978 1
6588 6588 1
8318 8318 1
7152 7152 1
6857 6857 1
 
8064 8064 1
6790 6790 1
6681 6681 1
6784 6784 1
8670 8670 1
8663 8663 1
10542 10542 1
7689 7689 1
5937 5937 1
7161 7161 1
8836 8836 1
8408 8408 1
7274 7274 1
8830 8830 1
6592 6592 1
7385 7385 1
8122 8122 1
9385 9385 1
9034 9034 1
7342 7342 1
9426 9426 1
7779 7779 1
7592 7592 1
9114 9114 1
9201 9201 1
 
7095 7095 1
7562 7562 1
6757 6757 1
9122 9122 1
6273 6273 1
6781 6781 1
6535 6535 1
7205 7205 1
11073 11073 1
8172 8172 1
8590 8590 1
7867 7867 1
7721 7721 1
7839 7839 1
7239 7239 1
8290 8290 1
8122 8122 1
8473 8473 1
10087 10087 1
8578 8578 1
6262 6262 1
8069 8069 1
7362 7362 1
7124 7124 1
8350 8350 1
 
10568 10568 1
10517 10517 1
9257 9257 1
10110 10110 1
10177 10177 1
11592 11592 1
9296 9296 1
8415 8415 1
7287 7287 1
9374 9374 1
9880 9880 1
6513 6513 1
9296 9296 1
8948 8948 1
12203 12203 1
9683 9683 1
9916 9916 1
7931 7931 1
7467 7467 1
8724 8724 1
10759 10759 1
7696 7696 1
9148 9148 1
12670 12670 1
7896 7896 1
 
===
