2745 2745 1
3996 3996 1
6190 6190 1
2685 2685 1
2686 2686 1
3844 3844 1
3598 3598 1
3465 3465 1
3518 3518 1
3308 3308 1
3045 3046 0
5368 5368 1
4787 4787 1
3308 3308 1
3705 3705 1
4486 4486 1
3362 3362 1
3295 3295 1
5787 5787 1
3442 3442 1
3505 3505 1
3580 3580 1
3195 3195 1
2854 2854 1
2516 2516 1
 
===
3474 3474 1
2839 2839 1
3315 3315 1
5350 5350 1
4463 4463 1
3913 3913 1
2702 2702 1
3877 3877 1
3450 3450 1
3684 3684 1
3139 3139 1
3035 3035 1
3945 3945 1
3300 3300 1
4170 4170 1
3529 3529 1
3711 3711 1
3544 3544 1
3079 3079 1
3841 3841 1
3602 3602 1
3598 3598 1
3823 3823 1
5875 5875 1
4292 4292 1
 
===
4112 4112 1
3993 3993 1
3673 3673 1
5427 5427 1
3364 3364 1
3777 3777 1
3347 3347 1
3864 3864 1
5987 5987 1
4155 4155 1
4437 4437 1
4546 4546 1
4414 4414 1
4011 4011 1
3747 3747 1
4572 4572 1
4539 4539 1
4777 4777 1
5950 5950 1
4682 4682 1
3450 3450 1
4512 4512 1
4155 4155 1
4046 4046 1
4759 4759 1
 
===
4821 6367 0
4463 6152 0
3498 4793 0
4160 4942 0
3532 4517 0
3166 5194 0
4196 5003 0
3871 4631 0
3219 3800 0
4208 5372 0
4327 5552 0
2616 3375 0
4074 4807 0
3992 5011 0
3520 6917 0
4632 5246 0
3689 5732 0
3268 4037 0
3625 4030 0
3925 5020 0
4094 4598 0
3263 4127 0
3881 4804 0
4814 7482 0
3068 4063 0
 
===
