2743 2743 1
3946 3946 1
6042 6042 1
2652 2652 1
2702 2702 1
3842 3842 1
3590 3590 1
3158 3158 1
3508 3508 1
3328 3328 1
3054 3055 0
5335 5335 1
4736 4736 1
3301 3301 1
3750 3750 1
4490 4490 1
3352 3353 0
3109 3109 1
5768 5768 1
3460 3460 1
3511 3511 1
3584 3584 1
3202 3202 1
2848 2848 1
2518 2518 1
 
===
3440 3440 1
2847 2847 1
3714 3714 1
5352 5352 1
4474 4474 1
3919 3919 1
2711 2711 1
3865 3865 1
3446 3446 1
3692 3692 1
3151 3151 1
3045 3045 1
3937 3937 1
3298 3298 1
4176 4176 1
3537 3537 1
3709 3709 1
3575 3575 1
3099 3099 1
3849 3849 1
3595 3595 1
3590 3590 1
3962 3962 1
5571 5571 1
4292 4292 1
 
===
4126 4126 1
3980 3980 1
3636 3636 1
5427 5427 1
3377 3377 1
3809 3809 1
3350 3350 1
3888 3888 1
6015 6015 1
4154 4154 1
4427 4427 1
4547 4547 1
4434 4434 1
4020 4020 1
3746 3746 1
4547 4547 1
4545 4545 1
4779 4779 1
6166 6166 1
4691 4691 1
3295 3295 1
4504 4504 1
4137 4137 1
4176 4176 1
4720 4720 1
 
===
341 4677 0
415 4538 0
276 4219 0
270 3978 0
285 3789 0
281 4019 0
339 4412 0
321 4122 0
239 3499 0
351 3930 0
362 4505 0
239 3021 0
292 3789 0
292 4432 0
365 5037 0
284 4648 0
312 4199 0
249 3436 0
280 3429 0
369 4016 0
307 3923 0
255 3723 0
336 4408 0
391 5017 0
233 3800 0
 
===
