3776 3776 1
2946 2946 1
3434 3434 1
3505 3505 1
1883 1883 1
2759 2759 1
2881 2881 1
3112 3112 1
5255 5255 1
4416 4416 1
3947 3947 1
4117 4117 1
3687 3687 1
3703 3703 1
2889 2889 1
3806 3806 1
4015 4015 1
4250 4250 1
2702 2702 1
3784 3784 1
3865 3865 1
3832 3832 1
2123 2123 1
3015 3015 1
5017 5017 1
 
===
2719 2719 1
3964 3964 1
6048 6048 1
2655 2655 1
2723 2723 1
3853 3853 1
3594 3594 1
3168 3168 1
3521 3521 1
3319 3319 1
3049 3050 0
5293 5293 1
4727 4727 1
3312 3312 1
3729 3729 1
4480 4480 1
3348 3348 1
3110 3110 1
5776 5776 1
3444 3444 1
3503 3503 1
3597 3597 1
3209 3209 1
2872 2872 1
2529 2529 1
 
===
3459 3459 1
2810 2810 1
3300 3300 1
5371 5371 1
4461 4461 1
3904 3904 1
2700 2700 1
3866 3866 1
3450 3450 1
3689 3689 1
3139 3139 1
3028 3028 1
3961 3961 1
3282 3282 1
4174 4174 1
3547 3547 1
3702 3702 1
3565 3565 1
3090 3090 1
3834 3834 1
3597 3597 1
3591 3591 1
3812 3812 1
5564 5564 1
4273 4273 1
 
===
3998 4001 0
3367 3367 1
3397 3399 0
2834 2834 1
3758 3758 1
5333 5333 1
3842 3842 1
3423 3423 1
3769 3779 0
4747 4748 0
3031 3040 0
3131 3131 1
4624 4624 1
5251 5251 1
5390 5390 1
4225 4225 1
3619 3619 1
5731 5731 1
3998 3998 1
3991 3991 1
4165 4167 0
3878 3884 0
4829 4829 1
4497 4498 0
3481 3481 1
 
===
4415 4415 1
3879 3906 0
3564 3583 0
3923 3933 0
4871 4878 0
4573 4577 0
6659 6686 0
4817 4819 0
3016 3031 0
4133 4147 0
4734 4735 0
4318 4318 1
3855 3855 1
4618 4643 0
3473 3473 1
3852 3869 0
4386 4386 1
4965 4965 1
5278 5278 1
4233 4233 1
5761 5761 1
4125 4180 0
4111 4138 0
4808 4809 0
5164 5166 0
 
===
1191 4150 0
1095 3981 0
828 3583 0
1367 5442 0
784 3373 0
1074 3733 0
708 3316 0
1024 3856 0
1428 6012 0
996 4155 0
1033 4457 0
1124 4542 0
1136 4423 0
817 4199 0
973 3723 0
1006 4542 0
1120 4554 0
971 4781 0
1202 5960 0
944 4679 0
687 3299 0
885 4516 0
1206 4140 0
1239 4032 0
1212 4725 0
 
===
321 4675 0
435 4843 0
303 4597 0
265 3980 0
282 3776 0
273 4020 0
339 4397 0
321 4109 0
243 3507 0
344 3919 0
364 4509 0
238 3019 0
281 3764 0
293 4423 0
340 4998 0
283 4639 0
305 4229 0
246 3435 0
271 3415 0
356 4023 0
306 3906 0
259 3728 0
329 4390 0
381 4942 0
222 3799 0
 
===
