2729 2729 1
3970 3970 1
6057 6057 1
2645 2645 1
2688 2688 1
3853 3855 0
3615 3615 1
3152 3152 1
3523 3523 1
3314 3314 1
3091 3092 0
5300 5300 1
4736 4736 1
3305 3305 1
3720 3720 1
4485 4485 1
3353 3353 1
3098 3098 1
5777 5777 1
3453 3453 1
3677 3677 1
3583 3583 1
3187 3187 1
2852 2852 1
2529 2529 1
 
===
3479 3479 1
2826 2826 1
3299 3299 1
5310 5312 0
4507 4534 0
3902 3903 0
2702 2702 1
3856 3856 1
3444 3444 1
3661 3661 1
3152 3153 0
3053 3053 1
3935 3940 0
3270 3279 0
4174 4175 0
3534 3534 1
3703 3705 0
3568 3568 1
3072 3072 1
3850 3850 1
3610 3610 1
3587 3589 0
3818 3818 1
5516 5541 0
4287 4291 0
 
===
4148 4151 0
3988 3991 0
3743 3743 1
5455 5457 0
3378 3378 1
3757 3762 0
3339 3339 1
3871 3873 0
6019 6025 0
4174 4174 1
4443 4447 0
4574 4579 0
4424 4426 0
4002 4003 0
3733 3734 0
4557 4557 1
4551 4552 0
4788 4788 1
5993 5994 0
4698 4700 0
3306 3306 1
4510 4511 0
4144 4150 0
4047 4047 1
4757 4757 1
 
===
1401 6386 0
1755 6102 0
1224 4955 0
1320 4927 0
1452 4503 0
1168 5182 0
1555 5002 0
1516 4624 0
1155 3794 0
1574 5395 0
1382 5551 0
1145 3388 0
1275 4803 0
1301 5018 0
1313 6904 0
1333 5227 0
1318 5733 0
1088 4035 0
1296 3870 0
1467 5021 0
1462 4597 0
1039 4057 0
1470 4806 0
1572 7480 0
1010 4072 0
 
===
