273 273 1
457 457 1
109 109 1
503 503 1
387 387 1
122 122 1
161 161 1
207 207 1
123 123 1
123 123 1
136 136 1
373 373 1
188 188 1
451 451 1
669 669 1
336 336 1
306 306 1
112 112 1
220 220 1
184 184 1
772 772 1
278 278 1
912 912 1
360 360 1
635 635 1
 
936 936 1
420 420 1
578 578 1
511 511 1
612 612 1
408 408 1
1310 1310 1
722 722 1
547 547 1
557 557 1
470 470 1
638 638 1
883 883 1
515 515 1
380 380 1
290 290 1
537 537 1
623 623 1
1284 1284 1
402 402 1
384 384 1
1193 1193 1
293 293 1
760 760 1
1631 1631 1
 
689 689 1
2545 2545 1
1120 1120 1
773 773 1
981 981 1
515 515 1
1827 1827 1
1010 1010 1
1885 1885 1
1310 1310 1
2454 2454 1
1085 1085 1
2056 2057 0
877 877 1
1985 1985 1
1161 1161 1
1478 1478 1
1006 1006 1
725 725 1
867 867 1
1263 1263 1
793 793 1
1112 1112 1
1011 1011 1
1855 1855 1
 
759 759 1
1269 1269 1
2004 2004 1
1752 1752 1
1247 1247 1
1529 1529 1
1982 1982 1
2121 2121 1
1111 1111 1
2011 2011 1
2681 2685 0
837 837 1
1556 1556 1
1750 1750 1
1114 1114 1
3078 3078 1
2128 2128 1
1462 1462 1
2015 2015 1
1963 1965 0
2630 2630 1
1831 1831 1
1141 1141 1
1453 1453 1
1874 1874 1
 
1368 1368 1
1763 1763 1
1337 1337 1
2608 2608 1
2268 2268 1
1882 1882 1
1573 1573 1
1312 1312 1
1904 1904 1
2682 2682 1
1685 1685 1
2320 2321 0
1703 1703 1
1408 1408 1
1404 1404 1
2249 2250 0
1643 1643 1
2497 2499 0
1901 1904 0
2075 2075 1
1895 1895 1
2862 2866 0
1366 1366 1
2239 2239 1
3127 3127 1
 
3028 3028 1
1396 1396 1
3880 3880 1
3663 3663 1
1613 1613 1
2267 2267 1
2287 2287 1
2369 2369 1
2541 2541 1
2394 2394 1
1698 1698 1
1932 1932 1
2566 2566 1
2629 2629 1
2339 2339 1
1812 1812 1
2130 2130 1
1820 1820 1
1974 1974 1
1178 1178 1
1738 1738 1
1718 1718 1
2203 2203 1
1941 1941 1
2149 2149 1
 
2811 2811 1
1463 1463 1
3284 3284 1
2688 2691 0
2702 2702 1
2232 2232 1
2221 2221 1
2131 2131 1
2983 2983 1
3202 3202 1
2791 2791 1
2424 2424 1
2756 2756 1
3128 3128 1
2135 2135 1
2362 2362 1
1883 1884 0
2647 2647 1
1464 1464 1
2520 2520 1
2588 2588 1
2361 2361 1
2886 2886 1
2999 2999 1
1827 1828 0
 
2729 2729 1
3057 3057 1
5434 5434 1
1876 1876 1
2992 2992 1
3327 3327 1
3789 3789 1
4696 4700 0
2661 2661 1
4008 4008 1
3258 3258 1
2568 2568 1
2695 2695 1
3749 3753 0
3610 3610 1
2648 2648 1
3396 3399 0
2705 2705 1
2752 2761 0
4108 4108 1
2807 2811 0
4000 4006 0
2993 2993 1
2933 2934 0
3075 3075 1
 
2681 2681 1
3886 3895 0
6335 6341 0
2629 2629 1
2665 2669 0
3794 3814 0
3553 3556 0
3123 3123 1
3484 3484 1
3262 3262 1
3017 3017 1
5220 5229 0
4666 4674 0
3273 3275 0
3666 3666 1
4433 4439 0
3319 3319 1
3075 3075 1
5724 5727 0
3408 3412 0
3473 3474 0
3553 3553 1
3170 3170 1
2829 2830 0
2499 2499 1
 
3950 3955 0
3329 3329 1
3340 3344 0
3392 3392 1
4216 4219 0
6100 6105 0
3815 3846 0
3464 3464 1
3827 3831 0
4783 4787 0
3049 3055 0
3142 3142 1
4664 4670 0
5255 5297 0
5370 5395 0
4189 4225 0
3625 3629 0
5777 5779 0
4016 4016 1
3980 3986 0
4142 4144 0
3872 3879 0
4666 4688 0
4520 4525 0
3471 3477 0
 
4101 4138 0
3933 3967 0
3473 3570 0
5301 5424 0
3258 3361 0
3664 3737 0
3287 3329 0
3794 3857 0
5817 6014 0
4150 4162 0
4331 4441 0
4451 4669 0
4270 4407 0
3913 3980 0
3702 3728 0
4499 4548 0
4471 4538 0
4644 4774 0
5771 5900 0
4489 4634 0
3228 3268 0
4430 4467 0
3983 4103 0
3942 4001 0
4645 4684 0
 
550 5775 0
632 5614 0
386 4711 0
399 4672 0
434 4210 0
406 4695 0
521 4942 0
488 4521 0
357 3710 0
460 4857 0
569 5247 0
367 3349 0
415 4657 0
405 4756 0
513 6195 0
445 5135 0
473 5035 0
383 3730 0
432 3729 0
524 4779 0
413 4468 0
379 4025 0
471 4735 0
516 6368 0
341 4030 0
 
246 3464 0
271 3829 0
193 3483 0
135 3337 0
294 4075 0
215 3599 0
216 2934 0
231 3523 0
275 4411 0
260 3351 0
351 4381 0
268 4201 0
258 4129 0
214 3763 0
211 3514 0
264 3576 0
222 3706 0
167 3189 0
269 3589 0
226 3250 0
204 3696 0
304 3960 0
301 3499 0
245 3742 0
238 4073 0
 
===
