273 273 1
457 457 1
109 109 1
503 503 1
387 387 1
122 122 1
161 161 1
207 207 1
123 123 1
123 123 1
136 136 1
373 373 1
188 188 1
453 453 1
669 669 1
336 336 1
306 306 1
112 112 1
220 220 1
184 184 1
772 772 1
278 278 1
912 912 1
360 360 1
634 634 1
 
937 937 1
420 420 1
577 577 1
511 511 1
610 610 1
408 408 1
1313 1313 1
719 719 1
547 547 1
561 561 1
470 470 1
638 638 1
882 882 1
514 514 1
380 380 1
289 289 1
535 535 1
623 623 1
1279 1279 1
402 402 1
384 384 1
1190 1190 1
293 293 1
760 760 1
1625 1625 1
 
688 688 1
2549 2549 1
1118 1118 1
769 769 1
985 985 1
518 518 1
1830 1830 1
1011 1011 1
1885 1885 1
1310 1310 1
2445 2445 1
1086 1086 1
2059 2059 1
877 877 1
1991 1991 1
1162 1162 1
1483 1483 1
1006 1006 1
723 723 1
866 866 1
1267 1267 1
795 795 1
1104 1104 1
1014 1014 1
1861 1861 1
 
755 755 1
1272 1272 1
2002 2002 1
1755 1755 1
1240 1240 1
1521 1521 1
1990 1990 1
2119 2119 1
1114 1114 1
2009 2009 1
2685 2685 1
837 837 1
1558 1558 1
1755 1755 1
1114 1114 1
3073 3073 1
2125 2125 1
1463 1463 1
2022 2022 1
1963 1963 1
2633 2633 1
1827 1827 1
1143 1143 1
1456 1456 1
1871 1871 1
 
1369 1369 1
1765 1765 1
1338 1338 1
2602 2602 1
2270 2270 1
1881 1881 1
1573 1573 1
1311 1311 1
1903 1903 1
2686 2686 1
1690 1690 1
2321 2321 1
1702 1702 1
1409 1409 1
1404 1404 1
2249 2249 1
1644 1644 1
2500 2500 1
1908 1908 1
2070 2070 1
1899 1899 1
2865 2865 1
1365 1365 1
2237 2237 1
3127 3127 1
 
3028 3028 1
1393 1393 1
3884 3884 1
3661 3661 1
1614 1614 1
2263 2263 1
2287 2287 1
2375 2375 1
2541 2541 1
2392 2392 1
1698 1698 1
1929 1929 1
2567 2567 1
2631 2631 1
2339 2339 1
1810 1810 1
2127 2127 1
1820 1820 1
1968 1968 1
1177 1177 1
1736 1736 1
1719 1719 1
2201 2201 1
1942 1942 1
2152 2152 1
 
2806 2806 1
1463 1463 1
3284 3284 1
2690 2690 1
2703 2703 1
2231 2231 1
2221 2221 1
2131 2131 1
2983 2983 1
3203 3203 1
2790 2790 1
2423 2423 1
2755 2755 1
3125 3125 1
2137 2137 1
2363 2363 1
1884 1884 1
2645 2645 1
1464 1464 1
2521 2521 1
2589 2589 1
2364 2364 1
2886 2886 1
2996 2996 1
1828 1828 1
 
2730 2730 1
3055 3055 1
5433 5433 1
1875 1875 1
2991 2991 1
3325 3325 1
3785 3785 1
4703 4703 1
2665 2665 1
4004 4004 1
3259 3259 1
2571 2571 1
2700 2700 1
3754 3754 1
3614 3614 1
2643 2643 1
3402 3402 1
2707 2707 1
2762 2762 1
4106 4106 1
2815 2815 1
4009 4009 1
2993 2993 1
2935 2935 1
3076 3076 1
 
2680 2680 1
3894 3894 1
5971 5971 1
2629 2629 1
2666 2666 1
3821 3821 1
3554 3554 1
3123 3123 1
3480 3480 1
3261 3261 1
3020 3020 1
5230 5230 1
4677 4677 1
3280 3280 1
3667 3667 1
4439 4439 1
3316 3316 1
3077 3077 1
5725 5725 1
3414 3414 1
3479 3479 1
3551 3551 1
3172 3172 1
2833 2833 1
2504 2504 1
 
3957 3957 1
3328 3328 1
3345 3345 1
3800 3800 1
4262 4262 1
6107 6107 1
3853 3854 0
3449 3449 1
3820 3820 1
4771 4771 1
3051 3051 1
3158 3158 1
4637 4637 1
5277 5278 0
5403 5404 0
4235 4239 0
3634 3634 1
5772 5772 1
4022 4022 1
3995 3995 1
4151 4151 1
3889 3889 1
4691 4691 1
4502 4502 1
3475 3475 1
 
4114 4116 0
3964 3965 0
3590 3593 0
5395 5399 0
3366 3370 0
3742 3748 0
3323 3324 0
3987 3988 0
6016 6026 0
4142 4142 1
4473 4474 0
4672 4677 0
4419 4420 0
3979 3984 0
3729 3730 0
4550 4550 1
4543 4544 0
4786 4786 1
5902 5905 0
4633 4636 0
3274 3274 1
4464 4466 0
4100 4106 0
3997 3997 1
4685 4685 1
 
997 6302 0
1345 6035 0
814 4715 0
860 4875 0
950 4462 0
891 5145 0
1135 4943 0
1127 4566 0
798 3746 0
1044 5327 0
1035 5481 0
891 3346 0
955 4739 0
848 4956 0
1059 6821 0
943 5159 0
912 5683 0
741 3989 0
925 3831 0
1173 4965 0
951 4552 0
849 4023 0
1121 4735 0
1105 7388 0
696 4027 0
 
339 3682 0
371 4370 0
274 3821 0
178 3486 0
382 4934 0
273 4139 0
277 3128 0
304 3874 0
341 5068 0
350 3724 0
413 4980 0
427 6033 0
330 4685 0
268 4095 0
300 3962 0
333 3918 0
330 3923 0
221 3367 0
341 4136 0
285 3520 0
274 3888 0
391 4623 0
415 3876 0
293 4112 0
324 4566 0
 
===
