2717 2717 1
3952 3952 1
6044 6044 1
2649 2649 1
2682 2682 1
3872 3872 1
3613 3613 1
3149 3149 1
3535 3535 1
3315 3315 1
3089 3089 1
5315 5315 1
4741 4741 1
3317 3317 1
3726 3726 1
4482 4482 1
3364 3364 1
3107 3107 1
5783 5783 1
3450 3450 1
3506 3506 1
3576 3576 1
3193 3193 1
2857 2857 1
2528 2528 1
 
===
3474 3474 1
2819 2819 1
3318 3318 1
5344 5344 1
4873 4873 1
3899 3899 1
2726 2726 1
3875 3875 1
3455 3455 1
3697 3697 1
3181 3181 1
3037 3037 1
3957 3957 1
3314 3314 1
4177 4177 1
3553 3553 1
3709 3709 1
3567 3567 1
3065 3065 1
3842 3842 1
3598 3598 1
3585 3585 1
3812 3812 1
5581 5581 1
4304 4304 1
 
===
1001 4144 0
864 3980 0
666 3587 0
1095 5412 0
654 3371 0
777 3728 0
596 3318 0
868 3857 0
1084 5995 0
838 4157 0
711 4425 0
839 4544 0
1017 4407 0
684 3981 0
810 3726 0
875 4542 0
954 4523 0
851 4775 0
1062 5967 0
793 4673 0
625 3302 0
751 4499 0
1037 4131 0
1060 4054 0
1016 4725 0
 
===
445 5380 0
572 5638 0
311 4691 0
330 4392 0
374 4154 0
347 4453 0
446 4852 0
416 4378 0
302 3630 0
443 4418 0
451 4900 0
288 3267 0
363 4280 0
378 4660 0
429 5730 0
351 5048 0
402 4787 0
307 3621 0
360 3600 0
457 4484 0
369 4239 0
322 4106 0
410 4681 0
487 5780 0
274 4059 0
 
===
