2737 2737 1
3996 3996 1
6055 6058 0
2653 2653 1
2704 2704 1
3868 3876 0
3632 3634 0
3151 3151 1
3520 3520 1
3326 3326 1
3064 3064 1
5290 5292 0
4725 4728 0
3318 3320 0
3709 3709 1
4482 4486 0
3362 3363 0
3109 3109 1
5787 5787 1
3447 3449 0
3491 3492 0
3575 3575 1
3206 3206 1
2850 2850 1
2518 2518 1
 
===
3481 3481 1
2834 2834 1
3307 3307 1
5313 5314 0
4535 4535 1
3914 3914 1
2713 2713 1
3868 3868 1
3443 3443 1
3705 3705 1
3146 3146 1
3221 3221 1
3946 3946 1
3289 3290 0
4172 4172 1
3549 3549 1
3697 3697 1
3578 3578 1
3082 3082 1
3848 3848 1
3607 3607 1
3595 3595 1
3816 3816 1
5539 5541 0
5004 5004 1
 
===
4071 4161 0
3968 4002 0
3454 3606 0
5266 5458 0
3151 3380 0
3629 3770 0
3253 3338 0
3785 3876 0
5693 6006 0
4161 4176 0
4270 4449 0
4222 4558 0
4072 4404 0
3888 4002 0
3706 3745 0
4349 4555 0
4438 4557 0
4624 4789 0
5805 5973 0
4542 4692 0
3232 3293 0
4428 4536 0
3978 4147 0
3956 4057 0
4634 4744 0
 
===
405 5473 0
520 5255 0
338 4778 0
364 4510 0
387 4197 0
358 4609 0
489 4935 0
431 4456 0
337 3675 0
488 4630 0
476 5036 0
312 3329 0
368 4415 0
407 4720 0
444 5940 0
396 5102 0
416 4874 0
320 3673 0
360 3651 0
473 4645 0
408 4309 0
334 4056 0
435 4721 0
470 5908 0
318 4070 0
 
===
