273 273 1
457 457 1
109 109 1
503 503 1
387 387 1
122 122 1
161 161 1
207 207 1
123 123 1
123 123 1
136 136 1
373 373 1
188 188 1
451 451 1
669 669 1
336 336 1
306 306 1
112 112 1
220 220 1
184 184 1
772 772 1
278 278 1
912 912 1
360 360 1
634 634 1
 
936 936 1
420 420 1
578 578 1
509 509 1
610 610 1
409 409 1
1308 1308 1
725 725 1
547 547 1
559 559 1
470 470 1
640 640 1
882 882 1
516 516 1
381 381 1
288 288 1
536 536 1
620 620 1
1280 1280 1
401 401 1
385 385 1
1191 1191 1
291 291 1
761 761 1
1629 1629 1
 
688 688 1
2543 2543 1
1118 1118 1
824 824 1
984 984 1
516 516 1
1833 1833 1
1011 1011 1
1883 1883 1
1311 1311 1
2446 2446 1
1085 1085 1
2056 2056 1
877 877 1
1988 1988 1
1164 1164 1
1478 1478 1
1007 1007 1
720 720 1
867 867 1
1266 1266 1
793 793 1
1103 1103 1
1011 1011 1
1857 1857 1
 
755 755 1
1275 1275 1
2004 2004 1
1753 1753 1
1246 1246 1
1517 1517 1
1983 1983 1
2118 2118 1
1111 1111 1
2012 2012 1
2684 2684 1
834 834 1
1556 1556 1
1755 1755 1
1117 1117 1
3071 3071 1
2130 2130 1
1461 1461 1
2023 2023 1
1958 1958 1
2632 2632 1
1826 1826 1
1138 1138 1
1456 1456 1
1868 1868 1
 
1370 1370 1
1772 1772 1
1343 1343 1
2603 2603 1
2269 2269 1
1883 1883 1
1573 1573 1
1310 1310 1
1904 1904 1
2681 2681 1
1683 1683 1
2322 2322 1
1703 1703 1
1408 1408 1
1404 1404 1
2250 2250 1
1643 1643 1
2501 2501 1
1904 1904 1
2072 2072 1
1895 1895 1
2865 2865 1
1368 1368 1
2237 2237 1
3127 3127 1
 
3028 3028 1
1393 1393 1
3880 3880 1
3660 3660 1
1613 1613 1
2266 2266 1
2287 2287 1
2373 2373 1
2540 2540 1
2393 2393 1
1697 1697 1
1928 1928 1
2567 2567 1
2628 2628 1
2339 2339 1
1812 1812 1
2128 2128 1
1819 1819 1
1969 1969 1
1178 1178 1
1740 1740 1
1720 1720 1
2202 2202 1
1941 1941 1
2152 2152 1
 
2810 2810 1
1465 1465 1
3286 3286 1
2690 2690 1
2705 2705 1
2233 2233 1
2220 2220 1
2132 2132 1
2987 2987 1
3202 3202 1
2790 2790 1
2425 2425 1
2754 2754 1
3132 3132 1
2137 2137 1
2365 2365 1
1883 1883 1
2643 2643 1
1464 1464 1
2520 2520 1
2588 2588 1
2367 2367 1
2891 2891 1
2994 2994 1
1828 1828 1
 
2732 2732 1
3053 3053 1
5434 5434 1
1878 1878 1
2994 2994 1
3327 3327 1
3780 3780 1
4700 4700 1
2661 2661 1
4004 4004 1
3260 3260 1
2568 2568 1
2695 2695 1
3754 3754 1
3612 3612 1
2642 2642 1
3398 3398 1
2702 2702 1
2761 2762 0
4106 4106 1
2810 2810 1
4005 4006 0
2994 2994 1
2935 2935 1
3075 3075 1
 
2685 2685 1
3894 3894 1
5968 5968 1
2629 2629 1
2666 2666 1
3823 3823 1
3558 3558 1
3121 3121 1
3483 3483 1
3259 3259 1
3014 3014 1
5230 5230 1
4679 4679 1
3277 3277 1
3670 3670 1
4439 4439 1
3317 3317 1
3075 3075 1
5736 5736 1
3413 3413 1
3474 3474 1
3547 3547 1
3176 3176 1
2832 2832 1
2502 2502 1
 
3949 3949 1
3329 3329 1
3343 3343 1
3335 3335 1
4441 4441 1
6063 6063 1
3862 3863 0
3455 3455 1
3812 3812 1
4778 4778 1
3047 3047 1
3140 3140 1
4628 4628 1
5287 5292 0
5377 5377 1
4232 4240 0
3645 3645 1
5779 5779 1
3998 3998 1
3978 3978 1
4143 4143 1
3880 3880 1
4678 4678 1
4511 4511 1
3478 3478 1
 
4127 4128 0
3955 3961 0
3581 3582 0
5414 5421 0
3364 3367 0
3741 3746 0
3326 3327 0
3867 3867 1
6025 6029 0
4288 4288 1
4440 4441 0
4551 4553 0
4422 4423 0
3988 3991 0
3742 3743 0
4552 4552 1
4534 4534 1
4755 4756 0
5898 5902 0
4630 4635 0
3265 3265 1
4468 4469 0
4102 4105 0
4000 4001 0
4675 4675 1
 
1019 6292 0
1194 6033 0
791 4711 0
862 4870 0
928 4460 0
935 5140 0
1034 4947 0
1042 4560 0
901 3754 0
1076 5327 0
1206 5478 0
821 3351 0
927 4741 0
946 4962 0
1024 6821 0
929 5149 0
997 5677 0
769 3988 0
956 3833 0
1153 4962 0
992 4549 0
875 4025 0
1069 4734 0
1243 7389 0
752 4025 0
 
339 3673 0
368 4369 0
284 3822 0
193 3490 0
375 4956 0
293 4131 0
262 3110 0
316 3898 0
335 5063 0
353 3731 0
436 4989 0
356 4946 0
353 4714 0
278 4119 0
282 3979 0
330 3913 0
328 3911 0
222 3376 0
360 4160 0
289 3521 0
271 3892 0
383 4560 0
407 3887 0
300 4112 0
316 4572 0
 
===
