3735 3735 1
2947 2947 1
3421 3421 1
3489 3489 1
1867 1867 1
2780 2780 1
2894 2894 1
3118 3118 1
5253 5253 1
4429 4429 1
3941 3941 1
4097 4097 1
3692 3692 1
3725 3725 1
2903 2903 1
3802 3802 1
3977 3977 1
4273 4273 1
2712 2712 1
3793 3793 1
3870 3870 1
3835 3835 1
2122 2122 1
3036 3036 1
4994 4994 1
 
===
2801 2801 1
3948 3948 1
6031 6031 1
2663 2663 1
2686 2686 1
3852 3852 1
3601 3601 1
3152 3152 1
3543 3543 1
3329 3329 1
3118 3118 1
5320 5320 1
4742 4742 1
3310 3310 1
3730 3730 1
4486 4486 1
3364 3364 1
3108 3108 1
5780 5780 1
3435 3435 1
3524 3524 1
3577 3577 1
3203 3203 1
2858 2858 1
2526 2526 1
 
===
3490 3490 1
2821 2821 1
3308 3308 1
5288 5288 1
4481 4481 1
3904 3904 1
2686 2689 0
3871 3873 0
3459 3459 1
3651 3651 1
3168 3168 1
3043 3044 0
3949 3949 1
3294 3294 1
4187 4187 1
3534 3534 1
3697 3698 0
3589 3589 1
3072 3073 0
3845 3845 1
3588 3588 1
3582 3582 1
3812 3812 1
5716 5716 1
4315 4315 1
 
===
4020 4020 1
3374 3374 1
3393 3401 0
2795 2795 1
3759 3759 1
5294 5294 1
3845 3845 1
3429 3429 1
3785 3794 0
5006 5006 1
3029 3037 0
3140 3140 1
4581 4581 1
5299 5303 0
5411 5412 0
4221 4221 1
3627 3627 1
5778 5778 1
3998 3998 1
3986 3986 1
4130 4131 0
3949 3955 0
4694 4694 1
4517 4517 1
3467 3467 1
 
===
4462 4462 1
3841 3875 0
3594 3612 0
3458 3466 0
4855 4869 0
4921 4924 0
5894 5920 0
4828 4828 1
3022 3035 0
4187 4200 0
6322 6323 0
4319 4319 1
3839 3840 0
4627 4660 0
4055 4056 0
3851 3870 0
4434 4436 0
4986 4987 0
5297 5299 0
4231 4235 0
5785 5785 1
4159 4201 0
4111 4135 0
4815 4815 1
5186 5188 0
 
===
4117 4117 1
3978 3978 1
3641 3641 1
5437 5437 1
3364 3364 1
3794 3794 1
3350 3350 1
3893 3893 1
6039 6039 1
4161 4161 1
4441 4441 1
4538 4538 1
4433 4433 1
4006 4006 1
3737 3737 1
4544 4544 1
4550 4550 1
4774 4774 1
5981 5981 1
4688 4688 1
3297 3297 1
4510 4510 1
4150 4150 1
4182 4182 1
4723 4723 1
 
===
6470 6470 1
6152 6152 1
4803 4803 1
4997 4997 1
4536 4536 1
5235 5235 1
5046 5046 1
4649 4649 1
3807 3807 1
5549 5549 1
5554 5554 1
3431 3431 1
4808 4808 1
5035 5035 1
6929 6929 1
5191 5191 1
5760 5760 1
4029 4029 1
3865 3865 1
5024 5024 1
4594 4594 1
4055 4055 1
4790 4790 1
7488 7488 1
4098 4098 1
 
===
